start,end,t
2044910,2052014,0
3354616,3359185,0
976325,980786,1
1729086,1733703,1
4185433,4189573,0
3619191,3623427,1
523260,527541,1
729582,733776,1
3762182,3766316,1
4181244,4185273,1
1483117,1486963,0
614156,618038,1
1279863,1283607,1
4444111,4447891,1
933418,937213,0
4223893,4227511,0
2200278,2203911,1
205125,208608,1
2484373,2487967,1
486535,489898,1
2143265,2146583,1
30816,34038,1
1429048,1432411,1
2071382,2074658,0
3222632,3225725,1
598713,601857,1
2155262,2158385,1
1470857,1474013,0
3016059,3019158,1
2587594,2590708,1
3660413,3663527,1
3415032,3418137,1
2158475,2161463,0
3021315,3024186,1
22390,25207,1
758705,761507,1
4046965,4049752,1
131461,134212,0
108278,110984,1
2915056,2917813,1
3553084,3555790,1
4467624,4470321,1
123016,125680,1
2313487,2316160,1
990621,993234,1
1335830,1338506,1
1331047,1333645,1
1443050,1445690,1
767977,770611,1
2719952,2722613,1
1917509,1920143,1
3494010,3496554,1
2857092,2859654,1
1059255,1061802,1
164729,167264,1
4545095,4547732,1
999215,1001816,1
1110862,1113406,1
559696,562300,1
3288738,3291330,0
3991230,3993699,0
4406653,4409095,1
1465391,1467950,0
1548036,1550448,0
940958,943403,1
4129834,4132267,1
197927,200360,1
162059,164534,0
336,2799,1
1658068,1660495,1
520415,522830,1
458887,461242,1
3228887,3231239,1
3187399,3189865,0
1660552,1662979,0
3537384,3539706,1
2344864,2347150,1
3540406,3542728,1
3523101,3525423,0
4143994,4146292,1
4574518,4576855,0
4013052,4015314,1
3362806,3365188,1
803502,805764,1
923263,925540,1
1377883,1380151,1
832961,835220,0
1813866,1816128,1
1475143,1477450,1
2205694,2207974,1
167483,169727,1
3000305,3002603,0
4481584,4483882,0
4133834,4136015,1
4327134,4329363,1
3997982,4000145,1
1706918,1709141,1
964319,966584,1
3606450,3608649,1
1024377,1026525,0
209678,211820,1
1007843,1009952,1
3060849,3062994,1
4237633,4239730,1
3526468,3528604,1
629893,631999,1
2801386,2803492,0
2194290,2196333,0
2854337,2856416,1
2623043,2625110,1
873251,875327,0
2414824,2416891,0
3825209,3827291,1
3960676,3962698,1
329462,331496,1
3293399,3295436,1
813525,815547,1
3737496,3739527,1
2579635,2581639,1
2368038,2370021,1
3486889,3488893,0
1527889,1529938,0
1722120,1724133,1
2611899,2613912,1
2601817,2603836,1
283200,285168,1
4630705,4632670,0
703943,705890,1
1009963,1011871,1
3481288,3483202,1
867411,869391,0
12162,14079,1
1866907,1868842,1
492091,494023,1
495119,496994,1
3772280,3774194,1
765983,767960,1
461914,463786,1
3822597,3824508,0
920346,922293,1
3456364,3458329,0
171536,173444,0
3231739,3233683,0
3213046,3214888,1
352705,354592,1
125694,127587,1
47768,49631,1
533825,535697,0
1251065,1252985,1
470530,472417,0
3953477,3955328,1
1848836,1850693,1
1324745,1326641,1
3931315,3933184,1
2209075,2210944,0
4397411,4399259,1
422514,424332,0
4163638,4165483,1
2272363,2274178,1
1033253,1035047,1
427679,429494,0
981046,982894,1
755906,757673,1
2935583,2937359,1
2820268,2822098,0
2320042,2321869,1
1699150,1700947,0
4475436,4477251,1
2284375,2286136,1
91412,93179,1
966620,968369,1
3843963,3845730,1
4218595,4220332,1
2222184,2223900,1
85587,87354,0
2534065,2535793,1
1479137,1480895,1
706092,707757,1
4058532,4060230,0
1960103,1961795,0
2608441,2610154,0
1370188,1371895,0
3830456,3832166,1
3211106,3212852,1
3885075,3886722,1
368610,370275,1
4233757,4235407,1
1301136,1302813,0
3669591,3671241,1
504913,506566,1
961994,963668,1
1782976,1784677,0
2498688,2500368,0
3312942,3314658,0
3698213,3699893,1
4591656,4593312,1
1496855,1498511,1
2751794,2753456,1
4371024,4372671,1
2013228,2014887,1
546679,548347,1
713557,715198,1
1013258,1014899,1
652234,653893,1
3532817,3534440,1
4215459,4217079,0
3957834,3959445,0
672167,673847,0
4609386,4611003,0
4279979,4281629,1
4020225,4021866,1
916472,918131,1
1138377,1140021,1
4414259,4415900,0
2370907,2372560,1
1141220,1142876,0
3192863,3194525,1
3777398,3779054,1
286788,288399,1
2352646,2354275,1
626069,627680,1
2773317,2775021,1
639722,641318,0
855986,857555,0
2442159,2443770,0
469041,470643,0
1393226,1394840,1
1283603,1285142,1
2710419,2712042,1
3558267,3559866,1
1492469,1494110,1
2137901,2139485,1
1362646,1364230,0
3613666,3615241,1
4291562,4293170,0
771454,773026,0
1898426,1900025,1
3471963,3473550,0
1109316,1110870,0
1775586,1777182,1
2625075,2626656,0
137082,138633,1
2585880,2587431,0
3696457,3698029,1
2054904,2056515,0
4275470,4277057,1
336777,338325,1
3785259,3786804,1
3275281,3276853,1
1747130,1748735,1
1871953,1873531,0
2606916,2608497,1
1037739,1039284,1
3955330,3956875,1
869410,870949,1
2276299,2277889,1
2270725,2272282,1
4006184,4007693,0
4227805,4229362,0
1386719,1388261,1
2197754,2199347,0
1079304,1080813,1
1127838,1129374,1
2812615,2814154,1
1689851,1691360,1
3562012,3563518,1
1837211,1838747,1
3732200,3733742,1
1601489,1603025,1
3933777,3935283,1
2074778,2076311,1
2006155,2007643,1
4330501,4332004,1
179236,180754,1
4394065,4395613,1
2417080,2418601,1
4024987,4026481,1
4552900,4554361,1
4383823,4385341,0
1217285,1218851,0
3747083,3748580,1
2901895,2903374,1
3637641,3639141,1
3178114,3179596,1
3064801,3066280,1
3043661,3045101,1
441548,442997,1
2791272,2792721,1
2616093,2617557,1
100764,102240,1
3325219,3326707,0
3219382,3220873,0
4451057,4452560,1
4572365,4573931,0
4287763,4289200,1
1870384,1871860,1
3031297,3032815,0
2840983,2842414,0
2832475,2833915,1
351214,352666,1
2839523,2840981,1
2266244,2267711,1
1447518,1449018,1
3888729,3890145,1
568901,570428,1
3640861,3642331,1
3774105,3775572,0
801886,803320,1
1106294,1107776,0
338324,339743,1
680211,681663,1
3359197,3360616,1
537632,539087,1
3208023,3209487,1
180883,182308,1
127908,129336,0
2082755,2084183,1
3344716,3346150,1
4033144,4034596,1
2604810,2606250,1
1937648,1939091,1
2937437,2938886,0
3458338,3459820,1
390250,391711,0
3245103,3246522,0
1157868,1159302,1
708333,709740,1
3226233,3227667,1
4017347,4018760,0
1219600,1221121,0
3407606,3409058,1
4419979,4421377,1
1488231,1489671,1
947228,948659,1
4264313,4265729,1
1920216,1921662,0
1883202,1884633,0
3309023,3310445,0
2546672,2548097,1
554610,555996,1
677414,678842,1
4044198,4045629,1
739506,740925,1
2161463,2162879,1
1515577,1517002,1
734219,735653,0
322337,323765,1
275300,276728,0
4455784,4457158,1
3088283,3089678,1
2162875,2164279,1
2548014,2549406,0
4052044,4053418,1
2003871,2005278,1
341124,342507,1
3328962,3330396,1
4156849,4158223,1
3828944,3830336,1
539146,540508,1
1810933,1812325,1
4636695,4638120,1
4429863,4431276,1
175106,176528,1
420985,422359,1
1712897,1714271,0
2794252,2795653,1
3033773,3035189,0
1384116,1385514,1
1510002,1511409,1
285394,286777,1
3980886,3982272,1
1679556,1680939,1
1277956,1279348,1
3010027,3011413,1
830871,832236,1
4343368,4344790,1
2758984,2760394,1
1459053,1460481,1
2165667,2167029,1
3646298,3647651,1
1204169,1205537,0
2321865,2323251,1
4031160,4032492,1
1423781,1425239,1
3318636,3319980,1
2016553,2017927,1
2347164,2348514,0
3405916,3407266,1
4247970,4249311,1
4341910,4343266,1
595599,596973,1
4201925,4203323,1
2669031,2670393,1
3978600,3979953,1
3024350,3025751,1
2402153,2403587,0
1894804,1896166,1
1755763,1757110,0
648002,649397,0
2722726,2724082,1
4257741,4259121,1
3886827,3888192,1
3380742,3382110,1
4457958,4459311,1
3436517,3437894,1
2153895,2155263,0
4638177,4639530,1
3374868,3376236,1
1480812,1482201,0
2634231,2635602,1
2926337,2927672,0
94649,96008,1
2461299,2462646,0
2712895,2714230,1
974318,975641,1
1842370,1843714,1
1296438,1297770,0
3025765,3027085,1
2147721,2149026,0
4294480,4295794,1
4278478,4279828,1
3019160,3020489,1
4217108,4218413,1
1839451,1840774,0
45806,47138,1
97086,98403,1
3546558,3547875,1
1495287,1496631,1
1092875,1094234,1
455132,456431,1
875334,876663,1
1910275,1911649,1
3170483,3171833,1
4203319,4204645,1
4396064,4397402,1
2479201,2480530,1
4250954,4252283,0
3499909,3501247,1
2928228,2929518,1
2992093,2993470,1
1507434,1508742,0
939427,940720,1
1896997,1898296,0
1371908,1373201,1
419590,420910,1
196545,197898,1
4621768,4623100,1
3674785,3676108,1
2354192,2355524,0
356155,357454,0
1682881,1684183,1
3733,5020,1
1868954,1870238,1
457425,458700,1
4404686,4405985,1
4128527,4129832,0
1237570,1238869,1
2865100,2866465,1
1364231,1365512,1
2477846,2479184,1
2091096,2092401,1
2324755,2326078,1
2178820,2180098,1
1040586,1041915,0
3786813,3788097,0
44179,45466,1
2792734,2794015,1
958811,960095,1
2900591,2901869,1
2934234,2935551,1
1409585,1410884,0
512575,513868,1
4402037,4403297,1
3278931,3280194,0
3105713,3106970,1
4627293,4628547,0
777736,779032,0
2053642,2054959,1
472965,474252,1
540564,541866,1
3648934,3650224,1
3744803,3746081,1
1781394,1782684,1
1365549,1366815,1
3966416,3967676,1
1195122,1196373,1
1456219,1457500,0
2469130,2470462,1
93399,94653,0
3435206,3436496,1
2665413,2666715,0
1083375,1084647,1
1916257,1917541,1
2892656,2893928,1
1166141,1167389,0
3739704,3740958,1
1263713,1264970,1
1065584,1066826,1
548356,549616,1
2789981,2791250,1
3971259,3972522,1
256526,257771,1
1177319,1178564,1
4062246,4063512,1
2281135,2282392,0
98402,99647,1
1743558,1744830,0
1185843,1187070,1
261502,262756,1
3808539,3809817,1
2235264,2236500,1
602108,603335,0
4619602,4620826,1
3700562,3701834,1
1772511,1773777,1
622299,623550,1
3239943,3241188,1
2949331,2950573,0
1012000,1013254,1
2906597,2907827,0
1231185,1232454,1
3976277,3977528,1
3982957,3984193,1
3008763,3009975,1
448691,449948,0
761521,762739,1
103981,105244,1
1273924,1275178,0
3890235,3891483,1
883672,884905,1
969388,970621,1
2398884,2400168,0
1777141,1778347,0
2685813,2687025,0
2008276,2009482,1
396638,397859,1
2407560,2408778,1
4551635,4552820,1
2513041,2514244,1
2413469,2414672,1
2234032,2235271,1
597478,598702,1
3291142,3292432,0
145080,146310,1
2742382,2743609,1
880726,881929,1
1665314,1666571,1
375413,376670,0
4316120,4317395,0
642087,643326,1
1132573,1133782,1
2355520,2356711,1
2682862,2684056,1
3006261,3007452,1
3497995,3499201,0
4618357,4619551,0
2748860,2750060,0
393221,394418,0
3007509,3008706,1
2943336,2944542,1
2756158,2757400,1
4479702,4480926,0
1739910,1741122,1
1151974,1153180,0
193520,194717,1
2509629,2510886,1
3180420,3181581,1
1688575,1689751,1
3779826,3781017,1
4175943,4177128,1
1462238,1463438,0
2382712,2383924,1
2672046,2673249,1
3853921,3855106,1
1771070,1772285,1
1058083,1059256,1
2804814,2806017,1
3812730,3813951,1
1340557,1341727,1
2985846,2987076,1
3152235,3153423,1
3492567,3493749,1
350011,351181,1
763013,764180,1
1175426,1176626,1
3155354,3156518,1
401968,403162,0
4413027,4414191,1
624884,626060,1
2263862,2265044,1
4246717,4247899,0
695100,696276,1
1700956,1702129,1
938149,939337,0
3459816,3461013,1
2811426,2812599,1
1460892,1462098,1
1949175,1950354,0
1511653,1512799,1
1741412,1742561,1
3975145,3976276,1
3086705,3087860,1
3268414,3269602,1
773041,774181,1
1836069,1837239,0
3734978,3736157,1
2737744,2738905,1
354999,356181,0
3796947,3798207,1
1884664,1885789,1
3281975,3283130,1
633585,634746,1
1788311,1789481,0
1930880,1932059,1
1082242,1083370,1
3420115,3421315,0
182462,183620,1
2326108,2327293,1
3733719,3734901,1
77620,78799,1
1039295,1040432,1
3659231,3660389,1
3891614,3892790,1
105304,106456,1
4504057,4505275,1
810380,811535,1
3201989,3203129,0
4496749,4497940,0
14167,15298,1
2833911,2835045,1
426136,427264,1
2365909,2367067,0
1989740,1990892,0
3836952,3838137,1
3463921,3465085,1
2852135,2853257,1
541887,543033,1
618253,619387,1
3413863,3415021,1
2862334,2863501,1
1669800,1670952,0
945870,947019,1
898517,899645,1
1875672,1876854,1
893783,894896,1
4460656,4461844,0
2466544,2467702,1
2591606,2592734,1
1503716,1504865,1
84190,85312,0
418074,419184,0
3624377,3625514,1
2207966,2209103,1
3159604,3160786,0
1032138,1033257,1
1803823,1804993,0
1531815,1532952,1
4505271,4506405,0
4624756,4625863,0
3581862,3583041,1
4487317,4488400,1
2274178,2275273,1
3421321,3422428,0
853646,854765,1
403702,404818,1
1769073,1770186,1
878741,879857,1
360024,361146,0
1064170,1065292,0
3027360,3028488,0
3634741,3635893,0
1265011,1266094,1
2018385,2019513,1
1726658,1727756,1
919234,920350,1
96001,97084,1
260387,261491,1
397871,398966,1
612814,613939,0
836350,837436,1
2093467,2094535,1
3367826,3368954,1
2788879,2789962,0
3549944,3551060,0
3104432,3105512,1
272861,273992,0
4197715,4198780,1
1621418,1622519,0
1615762,1616878,1
2251699,2252788,1
3972521,3973589,1
1881911,1882997,1
270602,271754,1
957652,958741,1
332370,333459,1
4142529,4143609,1
1469357,1470509,1
2092397,2093468,1
2204595,2205684,1
3556402,3557518,0
425010,426081,1
3970177,3971263,0
3227800,3228871,1
1523306,1524368,1
3977524,3978604,1
3470369,3471473,0
4265781,4266861,1
796553,797612,1
1385510,1386572,1
2020041,2021091,0
3501246,3502290,0
1374962,1376015,1
785632,786685,1
433472,434558,0
17569,18655,0
3869376,3870441,1
1116806,1117859,1
809343,810384,1
4087001,4088057,1
3714924,3716007,0
1238878,1239949,1
2249716,2250766,1
816974,818033,0
250897,251953,1
1376843,1377887,0
3969030,3970077,1
2806009,2807074,1
99643,100711,1
3147896,3148937,1
3794928,3795975,1
1519002,1520064,0
113443,114487,1
3103012,3104065,1
1737843,1738869,1
2393975,2395031,0
1663368,1664463,0
1709141,1710200,1
3483201,3484224,1
2971596,2972637,1
3611864,3612914,1
342883,343933,1
1617159,1618218,0
2463011,2464070,1
4107491,4108514,0
2929911,2930943,0
4261686,4262706,0
2765917,2766991,1
1084991,1086056,1
500418,501429,0
3679334,3680348,0
15444,16557,1
608064,609177,1
2514330,2515443,1
782084,783128,1
2692330,2693386,0
1299530,1300547,0
1396075,1397092,1
3130177,3131194,1
776539,777607,0
3724034,3725090,0
4056558,4057608,0
3673361,3674375,1
203482,204496,0
800758,801811,1
1164106,1165120,0
373867,374881,1
2976598,2977630,1
89994,91035,0
4595989,4597012,1
1001806,1002877,1
1673912,1674947,1
3237292,3238297,0
200970,201996,1
1056260,1057289,1
2519748,2520807,0
1603018,1604047,1
2014879,2015875,1
1605050,1606073,1
2275272,2276298,1
4403299,4404304,1
2807131,2808124,1
1304753,1305767,1
4155000,4156005,1
4285754,4286834,0
1004767,1005778,1
3190631,3191696,1
410017,411052,0
3450395,3451436,0
4009169,4010192,1
2876580,2877618,1
798585,799581,1
3927154,3928147,1
3742732,3743731,1
4172056,4173085,1
3303447,3304455,1
2526945,2527944,1
1512816,1513830,1
4452573,4453596,0
2696364,2697357,0
2039477,2040482,1
3746093,3747080,1
1305763,1306768,1
3301484,3302480,1
3725886,3726882,1
4108833,4109823,1
1862770,1863766,1
3251023,3252010,1
1290241,1291255,1
1702232,1703234,1
2180094,2181099,1
3041312,3042293,1
1953441,1954413,1
1155761,1156766,1
3382265,3383267,0
4535014,4536031,0
208620,209580,1
3062986,3063982,1
3341265,3342252,1
4382642,4383620,1
2652334,2653339,0
4077448,4078438,1
1147650,1148691,0
2437949,2438945,1
3938235,3939219,0
4061164,4062145,1
3731130,3732123,1
4626325,4627294,0
2829812,2830778,1
3221465,3222449,1
1500572,1501565,1
3950559,3951543,0
1426453,1427482,0
3091877,3092828,1
3717297,3718284,0
3238579,3239545,1
8237,9191,1
1137340,1138312,0
4028673,4029687,0
3462923,3463907,1
4042414,4043401,1
1095842,1096829,1
2367070,2368039,1
1850907,1851876,0
498054,499017,1
4290475,4291432,1
3333709,3334681,1
1380820,1381789,0
2532408,2533380,1
4001425,4002376,1
26276,27227,1
435633,436611,1
3403483,3404458,1
2803501,2804461,1
835247,836210,1
385231,386194,1
3615240,3616185,1
968365,969352,1
1604046,1605039,1
4101689,4102673,1
896133,897087,1
1144939,1145899,1
4449961,4450918,1
3672341,3673313,0
562341,563319,0
3722690,3723671,0
1333854,1334829,1
2853295,2854264,0
3082765,3083740,0
3793986,3794919,1
1885844,1886810,1
2578665,2579616,1
4173081,4174047,1
1388929,1389895,1
3564154,3565138,0
3935287,3936253,1
866567,867533,1
340164,341115,1
43187,44129,1
372920,373871,1
2338286,2339258,0
1140032,1140986,1
2181095,2182061,1
3059686,3060646,0
4146188,4147136,0
276714,277647,1
1780400,1781339,1
744242,745175,1
3952483,3953413,1
4098555,4099494,0
3340274,3341252,1
1513830,1514772,1
3795978,3796938,1
1148758,1149712,1
4158489,4159407,1
1678426,1679371,1
2826391,2827351,1
2603846,2604794,1
2465300,2466233,1
3502252,3503170,0
3011460,3012393,1
4612548,4613484,0
2621310,2622234,0
1935123,1936083,0
282256,283186,0
1877798,1878740,0
4010082,4011000,0
4214279,4215209,1
1097885,1098824,1
142778,143705,1
4486391,4487318,0
842331,843258,1
1381946,1382852,1
106556,107474,1
21406,22348,1
370276,371221,1
1429445,1430453,0
1149727,1150657,1
1408103,1409033,0
4437706,4438645,1
3389519,3390449,1
2800,3733,1
4399251,4400202,1
4109740,4110685,0
2090191,2091091,1
2495644,2496565,1
3529767,3530652,0
1291456,1292365,1
4581857,4582817,0
70335,71265,0
3157649,3158576,1
511640,512573,1
3937278,3938223,0
870966,871887,1
1684258,1685188,1
2698686,2699607,0
1650077,1650998,0
4132615,4133506,1
1806366,1807299,0
1178592,1179504,1
102232,103153,1
2381607,2382525,1
1302898,1303819,1
4136107,4137013,1
3302470,3303367,0
4249553,4250474,1
2808575,2809493,0
3409069,3409951,1
2905641,2906583,0
2553224,2554124,1
2029538,2030459,1
1404740,1405649,1
3838247,3839171,1
371223,372105,0
4586948,4587863,1
2979020,2979956,1
1303833,1304742,1
871889,872801,1
1902113,1903019,0
3996286,3997183,1
18714,19620,1
348681,349572,1
1860432,1861353,0
2356903,2357803,1
3206462,3207374,1
3749198,3750092,0
146967,147870,1
27292,28207,1
1550460,1551345,1
3410327,3411245,0
1329490,1330381,0
2370017,2370908,1
1863849,1864734,1
3973607,3974489,1
1373221,1374103,1
1326851,1327727,1
2545772,2546669,1
627693,628551,1
971751,972645,1
3411652,3412537,1
536585,537464,1
550438,551332,1
2168711,2169611,1
1606099,1606975,1
2851000,2851873,1
4073738,4074635,1
4004861,4005731,1
1289244,1290150,1
3860282,3861176,1
3643379,3644291,0
3936277,3937168,1
3816675,3817539,1
2421707,2422601,1
3543166,3544045,1
2861429,2862338,1
314356,315244,0
2231843,2232728,1
1478225,1479122,1
3285396,3286269,0
4422845,4423700,1
3149661,3150546,1
88141,89032,0
4230353,4231226,1
3047259,3048156,0
4253015,4253888,1
2468213,2469134,1
3138726,3139593,1
4548798,4549710,0
4106468,4107371,1
764179,765049,1
3142035,3142941,0
3081786,3082671,0
4443251,4444115,0
2501129,2501987,1
1773788,1774655,1
2620077,2620983,0
1268164,1269019,1
3484489,3485359,1
1453992,1454856,0
3283142,3284003,1
2750830,2751709,1
3645384,3646227,1
3002613,3003492,1
1614803,1615685,1
944032,944896,1
2250839,2251697,1
387794,388646,1
1807795,1808656,1
190856,191708,1
1036748,1037606,1
1534023,1534869,1
2925347,2926196,1
1391990,1392890,1
4076145,4077018,1
315586,316453,1
567137,568004,1
2170531,2171398,1
2613933,2614782,1
3347114,3347969,1
2035834,2036686,1
3097557,3098403,0
2243909,2244746,1
1176480,1177320,0
4421987,4422836,0
1903894,1904746,1
2747886,2748753,0
2664389,2665244,1
119280,120135,1
1374089,1374932,1
1179519,1180359,0
666624,667503,0
4305001,4305889,0
1198694,1199588,1
1833953,1834793,0
1721263,1722121,1
1474220,1475081,1
57363,58179,1
3156622,3157450,1
4097735,4098572,1
1136507,1137371,0
103154,103985,1
2389115,2389964,1
1822457,1823285,1
897083,897929,1
904912,905743,1
2767709,2768573,1
659451,660300,0
1267319,1268129,1
2474031,2474856,1
323610,324453,0
726101,726992,0
3788235,3789060,0
2265194,2266022,0
1832427,1833234,1
737103,737961,0
320226,321081,1
3994758,3995586,0
386970,387798,1
1787444,1788278,1
3136875,3137736,0
1266093,1266927,1
4165427,4166285,1
3766336,3767179,1
1421118,1421976,1
2564501,2565332,0
1376033,1376822,1
2185916,2186741,1
28373,29195,1
4453735,4454578,0
467411,468230,1
2663441,2664245,1
2025510,2026326,1
372114,372924,1
2671224,2672037,1
3497002,3497809,1
516555,517362,0
1951394,1952213,1
3617775,3618582,1
1210345,1211179,1
169777,170575,1
229166,229970,1
533010,533826,1
1671959,1672781,1
2196473,2197298,0
2768664,2769486,1
2675887,2676718,0
4617322,4618102,1
3063992,3064778,1
67812,68646,0
344175,344991,1
3817759,3818584,1
973536,974322,1
3246651,3247428,1
549626,550442,1
2268017,2268815,0
535709,536486,1
2022892,2023678,1
3284684,3285488,1
1903081,1903882,1
3752171,3752966,0
517358,518159,0
3434354,3435161,0
2845619,2846456,0
1156776,1157574,1
1487234,1488035,1
3503166,3503952,1
4023541,4024336,0
779597,780389,1
71350,72115,1
2043650,2044448,1
2827736,2828516,1
1153299,1154109,1
1943413,1944199,1
2095843,2096620,1
4074647,4075454,0
745934,746726,1
4022735,4023512,1
1134728,1135511,1
4620825,4621602,0
3117129,3117948,0
42384,43173,0
1341860,1342658,0
3020539,3021319,1
1514761,1515556,1
2988501,2989311,1
4156012,4156789,1
143701,144472,1
4428775,4429555,0
1779595,1780381,0
960254,961028,0
3968245,3969019,0
3779053,3779830,1
4196902,4197676,1
2829046,2829820,1
795088,795862,1
2525126,2525891,1
244326,245094,1
2505735,2506524,0
2531462,2532224,1
386206,386974,1
237334,238120,1
3617014,3617779,1
1323321,1324101,0
4018854,4019610,1
429714,430476,0
4016430,4017192,1
1774685,1775444,1
122091,122856,1
1206139,1206922,0
1458263,1459052,1
1627516,1628263,1
381787,382579,0
3186623,3187415,0
4498708,4499500,0
1952701,1953445,1
738091,738853,1
2864235,2865012,1
742826,743570,1
2549777,2550557,0
2736145,2736883,1
1607345,1608104,1
3892998,3893724,0
1457496,1458264,1
571453,572251,1
3128271,3129036,1
1421982,1422729,1
3875320,3876094,0
1455163,1455910,1
2095124,2095862,1
3182549,3183323,1
2537748,2538483,1
404981,405737,0
1964763,1965528,0
3286269,3287025,1
4436754,4437495,1
3979955,3980696,1
4554623,4555349,0
628550,629297,1
3422435,3423194,1
811521,812277,1
2750081,2750834,0
3893880,3894630,1
4137793,4138543,0
1133801,1134557,1
194905,195664,0
3164425,3165190,0
975594,976326,0
2302012,2302786,0
2440747,2441515,0
191854,192580,1
1361119,1361884,1
700853,701609,0
970851,971598,1
895386,896124,0
1339329,1340094,1
1285138,1285849,1
4409274,4410006,1
1823652,1824402,0
891183,891906,1
2021868,2022606,1
2339566,2340289,1
3651290,3652073,0
4329491,4330238,0
195784,196534,0
3504051,3504783,1
1098878,1099616,1
1154402,1155134,0
4477474,4478236,0
1150669,1151404,1
1936768,1937521,0
3091133,3091865,1
3189880,3190630,1
189873,190599,1
1081453,1082185,0
2939367,2940099,1
2584790,2585549,0
2610705,2611464,1
3361175,3361940,1
4416951,4417701,1
291499,292231,0
4566469,4567198,0
783165,783885,1
1035065,1035773,1
1680975,1681698,1
2164275,2164998,1
1759590,1760343,0
757688,758405,1
2214865,2215597,1
745164,745899,1
3090346,3091054,1
2595059,2595839,0
1234937,1235657,1
3997182,3997899,1
583680,584430,1
2809616,2810354,1
3343943,3344669,1
4011270,4011975,0
3712926,3713655,0
4236896,4237634,1
3863898,3864615,1
1760294,1761035,0
1003919,1004657,0
1311073,1311808,0
1947449,1948169,0
2268853,2269567,1
2232877,2233597,1
3528623,3529337,0
1838659,1839400,0
3995582,3996290,1
1834807,1835515,1
215268,215979,1
4269413,4270127,1
819883,820588,1
2970419,2971133,1
1628351,1629038,1
4603476,4604202,1
2117336,2118059,0
234815,235538,1
1272485,1273202,0
4178878,4179583,1
4026526,4027228,1
4060446,4061157,1
4161066,4161771,0
1135554,1136262,0
1285848,1286526,1
676710,677418,1
527948,528659,0
1257377,1258100,0
1368078,1368747,1
1551319,1551991,0
4410552,4411251,1
2199576,2200269,0
791194,791917,0
3095097,3095802,1
3750085,3750781,1
4423699,4424386,1
3254318,3255020,1
956761,957454,1
4260598,4261306,1
1635746,1636466,0
2316140,2316827,0
1131853,1132549,1
3767226,3767922,0
30115,30799,0
3602938,3603634,0
417141,417831,1
1833400,1834111,1
4608645,4609323,1
2716753,2717443,1
679507,680215,1
2231018,2231714,1
2015867,2016554,1
1221547,1222222,0
2770431,2771124,0
795861,796551,1
2500457,2501117,0
3236539,3237232,1
3419388,3420066,0
4636006,4636696,1
820792,821506,1
3366925,3367642,1
2769702,2770404,1
508865,509558,0
775161,775845,0
4067605,4068325,0
3134130,3134823,1
961200,961884,1
407427,408105,1
558973,559666,1
2508490,2509183,0
2453045,2453789,0
1926119,1926782,1
3247772,3248435,1
4640941,4641628,1
4604159,4604837,1
843989,844670,0
1502456,1503125,1
840673,841387,0
4289807,4290479,1
4194857,4195559,0
4198789,4199461,1
3609216,3609882,1
519732,520419,1
2969661,2970351,1
3053787,3054480,0
515918,516596,1
3600947,3601664,0
4102821,4103496,1
4411301,4411961,1
863635,864304,0
3153562,3154222,1
998489,999191,1
3179743,3180415,1
2786747,2787434,0
4293476,4294139,0
2795673,2796336,1
3896773,3897439,1
1324061,1324718,0
3288089,3288785,1
3169827,3170487,1
3544881,3545565,1
653861,654542,1
2009820,2010489,1
1126156,1126804,1
1520261,1520927,1
983649,984297,1
1228078,1228738,1
3716546,3717206,1
497174,497819,1
1809379,1810048,1
2655176,2655860,0
1851868,1852528,0
4086177,4086849,0
2290499,2291147,1
3748576,3749239,1
1380147,1380807,1
3465542,3466220,1
2255354,2256014,1
892209,892869,0
3255908,3256601,0
2606261,2606912,1
4633796,4634444,1
394460,395129,0
3551435,3552098,0
2987502,2988168,0
4043417,4044044,1
3516265,3516937,0
4307677,4308346,0
4100809,4101430,1
1728346,1728994,1
3486119,3486752,1
2859759,2860416,1
2601161,2601818,0
3362111,3362786,1
2324108,2324759,1
1749028,1749694,0
1074241,1074880,1
2931165,2931810,0
4412386,4413025,1
3216778,3217402,1
2622233,2622872,1
1155123,1155765,1
1482185,1482848,0
4544372,4545029,0
2684850,2685504,0
1925439,1926096,1
943413,944031,1
456676,457300,1
2323446,2324109,1
4200625,4201261,0
2863592,2864231,1
4448992,4449646,0
2420620,2421268,1
3080978,3081629,0
1682233,1682878,0
3348451,3349084,1
1162637,1163279,1
937368,937983,0
58473,59124,0
2447372,2448032,0
1314019,1314658,1
3821427,3822051,1
1650880,1651537,0
485760,486408,1
4124859,4125537,0
3605750,3606377,1
2096613,2097225,1
2040482,2041118,1
1711522,1712158,1
2866483,2867125,0
2567001,2567652,0
2560256,2560898,1
1664496,1665120,0
3666125,3666764,0
1927999,1928656,0
1207912,1208545,0
2023967,2024591,1
2787605,2788238,0
1662989,1663607,1
3207370,3207976,1
2702870,2703509,0
2337653,2338274,0
4257114,4257723,1
3445297,3445921,0
4391549,4392149,0
2225764,2226379,0
56314,56962,0
3924754,3925384,0
1021137,1021767,1
789673,790306,0
4611395,4612001,1
443104,443737,0
3814493,3815090,1
4075552,4076152,1
170856,171465,0
3609912,3610512,0
1714376,1714982,1
4543628,4544267,0
3192207,3192837,1
2760546,2761173,1
1905633,1906254,0
1293526,1294144,1
4032491,4033106,1
2378132,2378783,0
4390930,4391578,0
2483754,2484369,1
1061798,1062398,1
1710203,1710824,1
3616415,3617015,0
2747168,2747783,0
4019623,4020229,1
494404,495010,1
2094534,2095125,1
204492,205089,1
335279,335885,1
2408861,2409461,1
1165085,1165685,0
4274067,4274661,0
3653927,3654527,0
2220153,2220777,0
3399120,3399741,0
3818873,3819491,1
4339756,4340374,0
1501561,1502155,1
1928924,1929527,0
3109651,3110260,0
1207500,1208130,1
1581132,1581753,0
1526246,1526864,1
302990,303605,1
3809719,3810304,0
2662495,2663116,0
3204693,3205311,1
3172529,3173111,1
684532,685135,0
1125561,1126146,1
3604392,3604989,1
563221,563845,0
3096680,3097274,1
4199503,4200094,1
3898021,3898609,1
1547400,1547988,0
2562523,2563117,1
3721443,3722049,0
243542,244121,1
1477620,1478226,1
4495432,4496047,0
1422700,1423312,0
1735377,1735959,1
949667,950258,1
1464470,1465061,1
3056186,3056789,0
1418547,1419159,0
3575070,3575664,1
1035769,1036357,1
2894195,2894771,1
3915399,3915996,0
1206912,1207497,1
9305,9893,1
2919408,2920008,0
3095819,3096386,1
3775571,3776159,1
4540956,4541559,1
4071045,4071651,0
3462343,3462931,1
1706347,1706926,1
4141712,4142321,0
4007804,4008377,0
4560884,4561484,0
4289244,4289811,1
3519987,3520602,0
912620,913205,0
3894651,3895218,1
638944,639508,1
1810210,1810801,1
4508957,4509554,0
2293612,2294212,0
2125110,2125707,0
3296408,3296984,1
4375698,4376265,1
1350412,1350988,0
1432410,1432986,1
1127156,1127729,0
2641192,2641771,0
1405978,1406542,1
336218,336788,0
3342835,3343411,1
3287425,3288010,1
2631074,2631650,0
3656994,3657567,1
4474123,4474717,1
3092936,3093500,1
1656183,1656744,1
3342272,3342839,1
1633621,1634212,1
2825831,2826395,1
2848575,2849154,0
214290,214836,1
2127435,2128023,0
2448605,2449157,1
1950831,1951398,1
3343379,3343937,1
3015159,3015738,1
2269978,2270545,1
475378,475951,1
1014895,1015459,1
1490865,1491432,0
4177742,4178288,1
491411,491963,1
3508146,3508734,0
735649,736219,1
4494622,4495186,1
1190867,1191455,0
213065,213629,0
1209648,1210239,0
1099639,1100194,1
3446005,3446563,0
3167130,3167700,0
141430,141967,1
581533,582097,0
1203255,1203825,0
3791426,3791999,0
1005951,1006494,1
692973,693540,0
658254,658818,0
2630325,2630865,1
675913,676501,0
1003390,1003954,0
1835514,1836063,1
3692332,3692917,0
1361910,1362468,1
3874686,3875274,0
1498937,1499477,1
118732,119284,1
3429235,3429790,1
2401039,2401606,0
3033064,3033613,1
3267832,3268393,0
2610163,2610709,1
3185413,3185965,1
376771,377311,1
1796885,1797437,0
3298952,3299492,0
2631977,2632538,0
4189785,4190325,1
702915,703458,0
4542078,4542633,0
712986,713532,1
2297710,2298289,0
2062573,2063143,0
2674531,2675086,0
580833,581379,1
3395203,3395779,0
3658365,3658893,1
2348905,2349463,0
321781,322327,0
2810769,2811300,1
4365786,4366335,0
2454989,2455526,0
38314,38863,0
779066,779588,1
753778,754324,0
2606350,2606920,0
192907,193429,0
4543114,4543663,1
4597293,4597848,0
2474983,2475520,1
3625802,3626354,0
3075709,3076288,0
743709,744249,0
289468,290041,0
2644399,2644927,0
3039854,3040376,1
3577211,3577751,0
4303411,4303984,0
2570438,2570990,0
3315309,3315855,0
436588,437107,1
2898083,2898644,0
611801,612362,0
1652171,1652708,0
3654682,3655213,1
807898,808432,0
997858,998407,0
4491983,4492544,0
4357054,4357600,0
2446559,2447117,0
3824682,3825204,0
617283,617829,0
2120093,2120645,0
221643,222183,0
3369555,3370089,0
887422,887959,1
932543,933089,0
1988715,1989213,1
3629295,3629859,0
4267776,4268307,0
3433689,3434199,1
2670389,2670908,1
54045,54570,0
1463964,1464489,0
2535833,2536343,1
3595124,3595676,0
818054,818567,1
1105819,1106353,1
4051346,4051856,1
2797519,2798044,1
2042367,2042898,1
1906934,1907477,0
1506171,1506708,1
850449,850965,1
3676955,3677492,0
1287064,1287631,0
4570488,4571022,0
558211,558754,1
1986924,1987428,1
2303883,2304393,0
434595,435117,0
1726106,1726622,0
2746470,2747007,0
2574533,2575079,0
3447663,3448203,0
2034020,2034536,0
406404,406929,1
444682,445174,1
1146793,1147315,1
3116583,3117129,0
3591302,3591848,0
955684,956203,0
3144624,3145182,0
65995,66523,0
2121791,2122319,0
2573747,2574278,0
1846916,1847435,0
4149026,4149551,0
1449372,1449897,0
3197037,3197556,0
739000,739510,1
3951694,3952204,0
1980676,1981192,0
1100265,1100787,0
2920828,2921350,0
570892,571444,1
4547741,4548272,1
2629794,2630310,0
3242309,3242816,0
2570683,2571190,0
4614994,4615525,0
4233012,4233558,0
1717278,1717800,0
4236399,4236900,0
4318152,4318683,0
1855822,1856356,0
2741874,2742393,1
4105816,4106320,0
1865695,1866238,0
327449,327965,0
1243287,1243791,0
25206,25701,1
3235959,3236463,1
4252505,4253003,1
250341,250827,0
1455918,1456422,0
4179995,4180493,1
3467807,3468323,0
3461467,3461977,1
747578,748100,0
818569,819055,1
3570848,3571382,0
3720679,3721201,1
3792026,3792527,0
1050026,1050530,1
3583676,3584180,1
1062672,1063188,0
4118901,4119408,0
1911904,1912402,0
2386933,2387437,1
1873573,1874077,1
3346577,3347069,1
897988,898477,1
1675748,1676228,0
209856,210396,0
69349,69871,0
247636,248134,1
3046302,3046806,0
2719414,2719921,0
1560320,1560815,0
2991267,2991759,1
49822,50302,1
2600477,2600948,1
60363,60855,0
848401,848887,0
3548245,3548779,0
532450,532933,1
3536811,3537288,1
474576,475071,0
727379,727871,0
2280102,2280606,0
3259311,3259851,0
4122358,4122856,0
675017,675500,1
892956,893433,1
847167,847668,0
3873466,3873964,0
2526340,2526835,0
3284169,3284646,1
3281139,3281625,0
4548278,4548788,0
2552738,2553221,0
4083230,4083755,0
3580124,3580625,0
715411,715906,1
87356,87848,1
1228814,1229276,1
2754895,2755378,1
1900112,1900601,0
2640637,2641135,0
2673273,2673768,0
577612,578110,1
656646,657117,0
3508763,3509249,0
359488,359959,1
1529921,1530404,1
4322430,4322922,0
2211212,2211686,0
3581137,3581626,1
4635520,4635994,1
2565675,2566173,0
240342,240816,1
2611393,2611870,0
2731881,2732376,0
4421707,4422172,1
2010599,2011079,1
10829,11315,0
2776385,2776868,1
3280216,3280690,1
1460407,1460893,0
4085591,4086080,0
3405435,3405906,1
1530849,1531332,0
4082045,4082546,0
4255482,4255959,0
3781214,3781688,1
222946,223408,0
255976,256435,1
1843178,1843676,0
3135450,3135933,0
2028884,2029388,0
2239823,2240303,0
263791,264286,0
3465057,3465543,0
2136112,2136601,0
4277468,4277933,1
3993849,3994335,0
3759342,3759816,0
2540265,2540736,0
3743742,3744210,1
2544925,2545402,0
1029850,1030342,0
468382,468841,1
309279,309774,0
4434022,4434493,0
3384702,3385173,1
1103923,1104406,0
3003488,3003968,1
1705880,1706348,0
2151184,2151646,1
2993938,2994415,0
1803093,1803567,0
2775918,2776377,1
241677,242160,0
853182,853650,1
2743624,2744107,1
2017945,2018389,1
4125802,4126285,0
231451,231922,0
236324,236798,0
2433273,2433774,0
2638485,2638953,0
3365184,3365664,0
3744327,3744801,1
1027891,1028359,0
1018484,1018937,1
3490827,3491298,0
1814899,1815406,0
3333184,3333658,0
2019617,2020082,1
819294,819747,1
1968854,1969325,0
1192942,1193419,0
2799163,2799613,1
2637680,2638142,0
405763,406222,1
808163,808652,0
3478050,3478509,0
3277336,3277801,1
25825,26275,1
1786626,1787094,0
1719875,1720343,1
4474861,4475314,1
1708647,1709130,0
3768176,3768638,1
1904800,1905259,1
2286821,2287292,0
693193,693676,0
4395584,4396046,1
3813928,3814387,0
433001,433451,1
620379,620853,0
2715557,2716010,0
2771147,2771615,1
89633,90092,1
2257350,2257815,0
643406,643868,0
1398791,1399247,0
823106,823577,0
2123194,2123665,0
4272734,4273214,0
4345556,4346024,0
2351048,2351513,0
2376507,2376984,0
3225721,3226171,1
4262635,4263082,0
876836,877316,0
4521277,4521751,0
4608184,4608631,1
2246238,2246700,0
3100071,3100539,0
1104446,1104902,1
2401596,2402058,0
3783672,3784125,0
862243,862711,0
2350078,2350540,0
2213843,2214290,0
808822,809290,0
1695495,1695957,0
4379770,4380238,0
3750872,3751346,0
3586942,3587383,1
4029334,4029814,0
1569301,1569748,0
35445,35904,0
3856414,3856864,1
1262032,1262521,0
4112314,4112755,1
252708,253161,1
144576,145017,1
3196450,3196906,0
4426107,4426557,1
2944541,2944985,1
1846279,1846738,0
1428522,1428984,0
2076307,2076754,1
1711079,1711523,0
3640110,3640545,1
4113292,4113721,1
3713651,3714092,1
4389853,4390315,0
4114896,4115382,0
3897505,3897973,1
2948215,2948662,0
1966326,1966770,0
1995078,1995546,0
2386381,2386831,0
2568858,2569329,0
1874351,1874798,1
1540748,1541207,0
3392424,3392877,0
4478472,4478889,1
4313349,4313799,1
2733133,2733601,0
202910,203348,0
3782767,3783214,0
3480245,3480707,0
2448035,2448491,0
3461022,3461460,1
1556624,1557056,1
2600031,2600478,0
3650236,3650662,1
4077014,4077452,1
1002978,1003431,0
775848,776277,1
2932509,2932953,0
1705249,1705690,1
4178446,4178875,1
1509486,1509924,0
2405572,2406025,0
69149,69599,0
3933338,3933770,0
1420683,1421106,1
2574442,2574886,0
1979752,1980181,1
4513978,4514404,0
4524731,4525166,0
248915,249362,0
824086,824539,0
1727836,1728244,1
2021087,2021501,1
827302,827743,0
4205199,4205622,0
1891511,1891955,0
2057133,2057574,0
1131017,1131434,1
2764491,2764935,0
2718734,2719154,1
4600168,4600603,0
2388634,2389057,1
1504711,1505158,0
868531,868960,0
3907176,3907602,0
3790599,3791064,0
3571375,3571810,0
3040287,3040713,0
668278,668722,0
664860,665298,0
353276,353726,0
134339,134750,0
513992,514400,1
2410906,2411368,0
2990553,2991000,0
1328024,1328444,0
836516,836969,0
2400562,2401000,0
699942,700377,0
2497182,2497623,0
824629,825040,1
2889559,2889994,0
4298190,4298628,0
690950,691370,0
2694694,2695117,0
3093499,3093916,1
1230766,1231186,1
2938887,2939310,1
1794769,1795210,0
3380184,3380589,0
4099928,4100354,0
4240324,4240735,1
4270237,4270654,1
2005302,2005713,1
1687357,1687774,0
174678,175095,0
2909264,2909690,0
3438023,3438434,1
214832,215255,1
4319108,4319534,0
3250558,3250954,0
159380,159794,0
3338360,3338786,0
629299,629713,1
4073053,4073497,0
1952265,1952661,1
4529170,4529605,0
3618587,3618989,1
4308861,4309296,0
4607802,4608216,1
3900762,3901182,0
864829,865261,0
1416144,1416561,0
4425117,4425513,1
3131572,3131995,0
1944320,1944761,0
545718,546129,0
3296996,3297437,0
1100874,1101294,0
3376341,3376761,0
1595320,1595746,0
3235206,3235626,0
1637046,1637457,1
2562110,2562527,1
3529347,3529749,1
1171387,1171798,0
861184,861604,0
4323803,4324229,0
3867652,3868060,0
3039367,3039799,0
464401,464800,1
3122779,3123178,0
4410132,4410534,1
694112,694541,0
3373033,3373453,0
1036353,1036752,1
1359732,1360158,0
2577735,2578143,0
797909,798317,0
1868342,1868768,0
1971435,1971867,0
4160421,4160835,0
4471096,4471498,0
3295994,3296399,0
1943012,1943417,0
3491793,3492192,0
1131437,1131842,1
2941553,2941943,0
3604855,3605248,0
211876,212266,1
2230623,2231022,1
1354211,1354631,0
252300,252699,1
242817,243237,0
3280700,3281102,0
4411978,4412377,1
755161,755566,0
4272272,4272683,0
7365,7773,0
650863,651268,0
280651,281080,0
34299,34695,1
3070944,3071340,0
2034853,2035243,0
1619567,1619957,0
3548878,3549307,0
510530,510932,0
2563979,2564372,1
3069986,3070421,0
2038955,2039369,1
1554380,1554797,0
1542326,1542743,0
501489,501894,0
111043,111433,1
2640011,2640425,0
1697668,1698055,0
4598610,4599027,0
4556992,4557385,1
4316952,4317369,0
1644230,1644644,0
3295393,3295789,1
2444334,2444754,0
1185156,1185552,0
2247360,2247777,0
4627423,4627837,0
2518812,2519205,1
2329920,2330328,0
3900157,3900556,0
1734866,1735250,0
3781863,3782256,0
738272,738677,0
4054732,4055122,0
573955,574339,1
3023443,3023857,0
79470,79893,0
3705677,3706097,0
1537087,1537501,0
4509719,4510133,0
4560312,4560720,0
4293162,4293546,1
594149,594554,0
508163,508559,0
3965706,3966090,0
1531996,1532401,0
1075807,1076200,0
1732871,1733282,0
88382,88787,0
2531347,2531752,0
4554789,4555200,0
1450482,1450875,0
737005,737410,0
4125169,4125568,0
74083,74485,0
588752,589142,0
3624558,3624963,0
3248953,3249337,0
3444866,3445247,0
1119776,1120175,0
878247,878631,1
3053023,3053404,0
62775,63171,0
4213233,4213617,1
3441744,3442125,0
278526,278919,0
2875861,2876248,0
1647933,1648341,1
2544036,2544465,0
4502906,4503302,0
3597983,3598367,1
2372891,2373278,1
1259187,1259601,0
1445804,1446206,0
440518,440920,0
659848,660268,0
490881,491259,1
3626940,3627342,0
2682376,2682775,0
1163700,1164084,0
1518805,1519201,0
2446054,2446441,0
51159,51546,0
1248629,1249049,0
2115889,2116303,0
60921,61299,0
2908121,2908511,0
4177357,4177741,1
4326255,4326654,0
4320285,4320681,0
2649824,2650226,0
2989393,2989786,0
3873342,3873735,0
1619176,1619554,0
4517786,4518176,0
3623398,3623782,1
783233,783623,0
1356552,1356945,0
2849354,2849753,0
1071784,1072165,0
3248438,3248822,1
2453849,2454245,0
3599380,3599767,0
2570052,2570439,0
1259667,1260069,0
2447155,2447548,0
379088,379481,0
701998,702376,0
860674,861064,0
2473588,2473966,0
1715271,1715652,0
1569395,1569791,0
2770288,2770681,0
1298870,1299245,0
2716182,2716560,0
1172530,1172908,0
3252303,3252669,1
2854755,2855157,0
2680918,2681311,0
4040861,4041263,0
1708014,1708419,0
2505167,2505563,0
2296695,2297079,0
3754857,3755256,0
510126,510525,0
2563591,2563969,1
3776664,3777027,1
2278609,2279002,0
1069944,1070340,0
2005712,2006078,1
619665,620043,0
2068634,2069027,0
2892213,2892579,1
2077568,2077943,1
1451665,1452043,0
4382008,4382416,0
463936,464308,1
268390,268777,0
3009133,3009526,0
3461973,3462351,1
1162246,1162624,1
2887311,2887710,0
2871097,2871481,0
2165149,2165521,0
4270657,4271014,1
2421324,2421687,1
268157,268550,0
3338616,3339009,0
4463593,4463974,0
1226599,1226968,1
1900332,1900728,0
2594034,2594433,0
509693,510071,0
3020606,3020987,0
1369024,1369384,1
4532916,4533312,0
2827361,2827733,1
2617577,2617937,1
2537341,2537716,1
4321601,4321979,0
4256636,4257005,1
20697,21063,0
4528744,4529128,0
3298591,3298981,0
812563,812947,0
270277,270646,0
218283,218661,0
3306351,3306726,0
4192399,4192777,0
2591246,2591603,1
3700405,3700783,0
3630194,3630560,0
633054,633429,0
3235048,3235435,0
81074,81458,0
4406237,4406615,0
176609,176954,1
173730,174105,0
4372796,4373162,0
1999577,1999964,0
1312956,1313334,0
3138066,3138441,0
2013928,2014336,0
572564,572921,0
2561624,2561993,1
1614394,1614766,0
995017,995410,0
2070830,2071211,0
2133678,2134044,0
2300652,2301048,0
2741359,2741725,1
527580,527949,1
4254390,4254762,0
249629,249998,0
4124557,4124923,0
91031,91397,1
3251318,3251696,0
430604,430952,1
3073454,3073817,0
4180559,4180925,1
4319715,4320102,0
2702447,2702822,0
4516078,4516450,0
1643239,1643605,0
4083789,4084170,0
2850634,2850997,0
4562085,4562451,0
2475510,2475873,1
482615,482978,0
4161770,4162130,1
3300326,3300698,0
1078088,1078472,0
519562,519934,0
1255037,1255403,0
2518451,2518811,0
3271207,3271588,0
2985124,2985484,0
1876908,1877256,1
496998,497367,0
1893363,1893711,0
3761482,3761857,0
3585644,3586025,0
784979,785351,0
1817393,1817762,0
4422564,4422939,0
3195701,3196088,0
1233157,1233520,0
3252910,3253267,1
854985,855357,0
597130,597463,1
1525362,1525725,0
3278068,3278425,0
140412,140778,0
4357717,4358071,0
755559,755907,1
4612957,4613326,0
476671,477025,1
4090203,4090581,0
439807,440191,0
3723195,3723564,0
3648527,3648881,1
4495505,4495892,0
381350,381716,1
3186186,3186552,1
4498271,4498637,1
4381850,4382210,0
1259597,1259954,0
4072812,4073172,0
2980814,2981177,0
3895883,3896234,0
4623292,4623658,0
551808,552171,0
3723879,3724263,0
2528800,2529190,0
2828620,2828980,1
2923241,2923592,0
4006662,4007022,0
621875,622247,0
2479778,2480144,0
2021503,2021869,1
1676163,1676523,0
3393912,3394266,0
288259,288640,0
36621,36981,0
2393334,2393691,0
2836394,2836754,0
952376,952748,0
4368792,4369140,0
2879722,2880091,0
3585275,3585641,0
988538,988892,0
2394783,2395149,0
1171969,1172314,0
3496550,3496877,1
4594090,4594456,0
47437,47776,0
4521264,4521618,0
4159587,4159938,0
3549401,3549773,0
3956807,3957164,0
359107,359458,0
4481507,4481864,0
2368456,2368816,0
1205856,1206204,0
585526,585886,0
1437562,1437919,0
2737153,2737495,1
1725338,1725692,0
4306096,4306447,0
2078574,2078931,0
3442534,3442885,0
1655807,1656149,1
4316284,4316656,0
2186959,2187298,1
1987443,1987782,0
3881877,3882219,0
454438,454789,0
1353281,1353647,0
980484,980844,0
1550936,1551308,0
2950817,2951174,0
4448691,4449042,1
1158091,1158445,0
4314069,4314435,0
1796369,1796723,0
4606903,4607275,0
2511000,2511327,1
1626595,1626961,0
32311,32680,0
3667079,3667433,0
2467854,2468217,1
427286,427619,1
1837195,1837549,0
494075,494405,1
472597,472936,1
1860042,1860390,0
1201496,1201838,1
3948085,3948424,1
1049471,1049804,0
2844227,2844590,0
1174313,1174667,0
4599902,4600241,0
2911007,2911370,0
792531,792882,0
3127245,3127593,0
1169594,1169936,0
3048414,3048762,0
445991,446339,0
3335492,3335834,0
1956807,1957161,0
2753604,2753946,1
2522731,2523076,0
4447893,4448235,1
4147137,4147479,1
4322122,4322470,0
3811084,3811441,0
403262,403601,0
1318070,1318406,0
2041692,2042025,0
2646875,2647226,0
232213,232549,0
3535834,3536191,0
4612540,4612888,0
4614054,4614411,0
2800133,2800475,0
2226430,2226784,0
709789,710116,1
39669,40023,0
2221098,2221446,0
3688307,3688670,0
3055611,3055941,1
2503744,2504086,0
4313867,4314197,1
1322515,1322872,0
4401616,4401952,0
1935317,1935683,0
4565475,4565832,0
3993232,3993589,0
4569564,4569918,0
3270325,3270697,0
4632759,4633086,1
4529346,4529679,0
1646404,1646737,1
936875,937217,0
3108615,3108948,0
1343716,1344049,0
4314763,4315120,0
1440160,1440487,0
2372556,2372892,1
2881591,2881945,0
2810343,2810679,1
1671348,1671684,0
2898992,2899337,0
3851350,3851683,0
913262,913601,0
168219,168579,0
1657522,1657870,0
1236122,1236476,0
3841584,3841929,0
1635891,1636248,0
3075109,3075463,0
3249754,3250087,0
2538695,2539037,0
4143623,4143944,1
1227680,1228007,0
4287050,4287398,0
1843847,1844192,0
3383927,3384290,0
3741132,3741477,0
2152829,2153183,0
65072,65417,0
2654364,2654709,0
826106,826439,0
687202,687544,0
130550,130886,0
1342654,1342984,0
3510418,3510751,0
2508530,2508881,0
2412138,2412471,0
2819887,2820217,0
3068193,3068517,0
1653904,1654261,0
3237620,3237959,0
904592,904916,1
2135542,2135896,0
476274,476613,0
4140089,4140428,0
2846579,2846918,0
3277001,3277337,1
1540169,1540517,0
3299361,3299709,0
1097201,1097561,0
3173141,3173456,1
2217651,2217984,0
1097020,1097380,0
4385703,4386018,1
4614504,4614849,0
906198,906522,0
2317509,2317851,0
748523,748871,0
966354,966702,0
2848390,2848717,0
846190,846529,0
2055526,2055856,0
2384387,2384720,0
3036366,3036693,0
3274184,3274523,0
4453073,4453412,0
1203821,1204160,1
4568997,4569309,0
568314,568647,1
2022915,2023254,0
1573394,1573730,0
3828327,3828660,0
1860463,1860808,0
4231983,4232313,0
2550745,2551072,0
3644828,3645170,0
931531,931858,0
922912,923233,1
4153360,4153699,0
4356911,4357247,0
2214171,2214507,0
1286886,1287237,0
4512722,4513046,0
64208,64541,0
4600424,4600757,0
3771034,3771361,0
1538496,1538841,0
2620411,2620753,0
1890088,1890412,0
2228115,2228460,0
83347,83689,0
68968,69295,0
1579797,1580124,0
2218134,2218461,0
1925020,1925338,0
4120578,4120917,0
2539362,2539701,0
2777452,2777782,1
4561656,4561983,0
3374160,3374496,0
789085,789403,0
4344999,4345350,0
1841529,1841856,0
4515522,4515867,0
2616856,2617192,0
232609,232930,0
1105413,1105725,1
1654496,1654820,0
2572930,2573263,0
2238282,2238615,0
930207,930546,0
1428123,1428450,0
3882412,3882745,0
1767103,1767439,0
2837655,2837985,0
4489653,4489992,0
4421392,4421698,1
3920445,3920781,0
4385392,4385707,1
1095522,1095846,0
903311,903638,0
4034844,4035153,0
4021902,4022214,0
3353171,3353501,0
994770,995103,0
935393,935696,0
2786396,2786729,0
200658,200967,0
2218120,2218441,0
2891095,2891428,0
4472512,4472845,0
4376874,4377192,1
2777114,2777432,1
1694580,1694907,0
912105,912432,0
2842768,2843104,0
2896051,2896369,0
299033,299378,0
2767034,2767355,0
2687103,2687448,0
2837552,2837882,0
1558228,1558546,0
3702900,3703224,0
727266,727593,0
2425827,2426169,0
2630994,2631336,0
1988221,1988545,1
298942,299266,0
4400287,4400596,1
2530771,2531098,0
274478,274805,0
575114,575441,0
688374,688701,0
2102272,2102599,0
2289442,2289769,0
3366079,3366406,0
3652559,3652886,0
1254677,1254998,0
1369688,1370003,1
2458832,2459147,0
4014274,4014604,0
3124857,3125187,0
2246608,2246938,0
438423,438753,0
1608825,1609146,0
2350771,2351092,0
2652021,2652342,0
4070598,4070934,0
1104960,1105293,1
2481349,2481688,0
4419091,4419403,0
1401066,1401393,0
2363714,2364053,0
264405,264714,0
1963334,1963643,0
3923350,3923662,0
4346085,4346412,0
2539079,2539394,0
3249374,3249680,1
4559841,4560156,0
4381340,4381667,0
2471073,2471385,0
2118971,2119301,0
2978353,2978671,0
3561215,3561530,0
860182,860485,0
3515253,3515580,0
2295798,2296104,0
4431614,4431929,0
2670907,2671228,1
1416041,1416362,0
2963023,2963356,0
2475872,2476178,1
938807,939131,0
3400074,3400413,0
1048016,1048346,0
845060,845387,0
3858739,3859054,0
2848185,2848497,0
375955,376285,0
2846933,2847257,0
3124323,3124641,0
3314458,3314788,0
1202918,1203224,0
723790,724096,0
4491224,4491557,0
3755726,3756047,0
2974088,2974406,0
254306,254621,0
3372154,3372463,0
3411270,3411567,1
1184382,1184700,0
2735603,2735918,0
2818057,2818393,0
1879600,1879912,0
1606998,1607289,1
289229,289544,0
3205926,3206238,0
4217904,4218234,0
3780022,3780343,0
733775,734102,1
1054819,1055116,0
3899066,3899387,0
4459552,4459855,0
409516,409834,0
4015752,4016061,0
1631659,1631989,0
3115191,3115518,0
684050,684377,0
2295457,2295769,0
365117,365432,0
80226,80553,0
3396109,3396427,0
934379,934673,0
4379283,4379583,0
1399247,1399565,0
3909134,3909461,0
3094423,3094738,0
2184959,2185259,0
1675439,1675748,0
4564806,4565124,0
1173235,1173544,0
2523146,2523464,0
2498413,2498722,0
702503,702824,0
3038252,3038561,0
266598,266922,0
4095016,4095337,0
3505594,3505897,0
3423502,3423826,0
1798528,1798831,0
565238,565550,0
1412092,1412410,0
3521823,3522144,0
2328610,2328937,0
4370687,4370981,1
1692175,1692487,0
2409321,2409630,0
2193250,2193559,0
944985,945318,0
359171,359492,0
4511635,4511953,0
3708408,3708741,0
364056,364368,0
3111671,3111983,0
4425519,4425834,1
1909422,1909737,0
2279268,2279574,0
2358932,2359262,0
3824959,3825274,0
2253255,2253573,0
2243310,2243610,0
512619,512943,0
1746699,1747005,1
2470802,2471105,0
4072118,4072442,0
1969632,1969953,0
164472,164799,0
1782680,1782974,1
4285347,4285674,0
2831512,2831821,0
4285340,4285658,0
1353621,1353924,0
1624988,1625291,0
4112966,4113266,1
2203971,2204289,1
315290,315590,1
566841,567141,1
2170235,2170535,1
2031507,2031807,0
2965480,2965801,0
3840214,3840508,1
4056703,4057033,0
2569441,2569759,0
2953567,2953873,0
1415691,1416003,0
4317274,4317580,0
2116879,2117194,0
3719477,3719768,1
1070346,1070661,0
2691919,2692219,0
1847742,1848057,0
1170634,1170934,0
4352583,4352880,1
2446606,2446909,0
1454867,1455155,1
3421788,3422100,0
691497,691809,0
2896770,2897073,0
2733039,2733336,0
1894132,1894432,1
3346172,3346460,1
2959325,2959637,0
887100,887421,0
890169,890466,0
578265,578568,0
2375105,2375420,0
950777,951077,0
3559868,3560177,0
2900061,2900370,0
45462,45750,1
1435145,1435448,0
3791030,3791336,0
2859334,2859640,0
3327789,3328083,1
1423338,1423644,0
2982033,2982336,0
2528769,2529072,0
4081629,4081935,0
350333,350645,0
2223379,2223685,0
3292232,3292529,0
4189028,4189346,0
4341515,4341821,0
3857120,3857414,0
4271871,4272174,0
2292842,2293157,0
3634110,3634401,0
3402048,3402351,0
2843658,2843967,0
1369277,1369586,0
1767636,1767951,0
4633247,4633553,0
774308,774602,1
1609618,1609918,0
2282516,2282801,1
3096382,3096673,1
635052,635340,0
552592,552904,0
3396496,3396793,0
2797210,2797510,1
2507400,2507703,0
3104092,3104368,1
1807399,1807690,1
724446,724752,0
3511278,3511599,0
858353,858665,0
4096254,4096551,0
573083,573374,1
2381186,2381483,0
1824706,1825009,0
451311,451614,0
1590813,1591110,0
3834933,3835224,0
2920485,2920785,0
3314925,3315204,0
1827515,1827815,0
4284060,4284360,0
1347601,1347895,0
343289,343589,0
3037171,3037483,0
1348603,1348891,0
1316784,1317075,0
5242,5530,0
2510174,2510474,0
1646220,1646514,0
1901349,1901640,0
2563031,2563340,0
2912946,2913237,0
1063184,1063478,0
178541,178820,0
2680501,2680795,0
3184839,3185130,1
3685872,3686178,0
2649664,2649970,0
3852355,3852649,0
4207109,4207403,0
3929651,3929960,0
3914111,3914405,0
2336359,2336665,0
4042068,4042338,1
2525187,2525502,0
2781397,2781691,0
783899,784190,0
408176,408461,1
1481863,1482157,0
4518720,4519014,0
725213,725519,0
2596221,2596527,0
1420364,1420661,1
2872475,2872778,0
252004,252298,1
890912,891200,1
592674,592968,0
2632982,2633315,0
3548429,3548738,0
557147,557441,0
3352050,3352353,0
4001498,4001801,0
4355548,4355845,0
3334908,3335187,1
1403773,1404055,0
3084807,3085110,0
963827,964112,1
549837,550122,0
1765470,1765758,0
2241404,2241686,0
4567848,4568154,0
2182766,2183066,0
1933943,1934261,0
2133070,2133376,0
2746412,2746700,0
1939707,1939995,0
774865,775156,0
4197125,4197428,0
3835216,3835504,0
3901800,3902100,0
2875523,2875820,0
4579070,4579361,0
1258790,1259069,1
3522755,3523058,0
3135865,3136153,0
2684281,2684590,0
346483,346759,1
1308676,1308961,0
3440549,3440837,0
1090655,1090970,0
2931876,2932164,0
4527273,4527552,0
1097382,1097688,0
4379407,4379698,0
1922492,1922771,0
3322287,3322584,0
1612254,1612551,0
4352084,4352357,1
451028,451319,0
2654736,2655036,0
1082759,1083044,0
19844,20135,0
257956,258247,0
1978551,1978842,0
2851863,2852136,1
3707306,3707603,0
3468554,3468848,0
148809,149094,0
2604529,2604829,0
279211,279502,0
290682,290973,0
3852974,3853265,0
1604678,1604978,0
217090,217399,0
4091827,4092115,0
2975525,2975801,0
1425689,1425980,0
650392,650686,0
3576459,3576756,0
1505724,1506018,0
3574789,3575074,0
1753128,1753419,0
2029486,2029786,0
3589620,3589905,0
536907,537198,0
2336868,2337168,0
4317416,4317707,0
3822105,3822381,1
1610212,1610500,0
3658936,3659230,0
1719293,1719572,0
3569671,3569962,0
1922036,1922312,0
2724178,2724451,0
4457611,4457905,0
3397584,3397878,0
2433553,2433853,0
3054624,3054918,0
2307919,2308204,0
2131245,2131524,0
4093660,4093951,0
1062521,1062827,0
904215,904512,0
4496083,4496374,0
3057532,3057835,0
2904008,2904305,0
831673,831964,0
2569885,2570188,0
2330928,2331219,0
4605764,4606040,0
1848376,1848661,0
2296973,2297264,0
2215355,2215646,0
2285414,2285711,0
3071870,3072170,0
2334066,2334363,0
3347965,3348238,1
4193814,4194093,0
2905049,2905337,0
214438,214717,0
990961,991249,0
3678099,3678387,0
3052108,3052399,0
3484592,3484898,0
2128294,2128573,0
2807798,2808098,0
1634299,1634596,0
3118404,3118698,0
3322906,3323182,0
1114705,1114987,0
3833901,3834183,0
3432632,3432917,0
3815902,3816193,0
2524081,2524390,0
3571824,3572124,0
3272544,3272817,0
4016602,4016896,0
264783,265077,0
2261158,2261434,0
4083489,4083780,0
80474,80756,0
4375195,4375486,0
4162138,4162432,0
1955603,1955885,0
2984768,2985062,0
3595968,3596244,0
3262151,3262427,0
3832113,3832398,0
2888145,2888430,0
1751177,1751477,0
1552849,1553152,0
2296368,2296656,0
4589822,4590107,0
304893,305181,0
3861291,3861579,0
81709,81991,0
3693766,3694057,0
4320732,4321011,0
3201572,3201827,0
3850939,3851218,0
4583837,4584122,0
2434276,2434555,0
3984444,3984729,0
2582588,2582867,0
4615079,4615367,0
377339,377636,0
3487580,3487862,0
2818545,2818842,0
2377594,2377870,0
4122074,4122347,0
2040508,2040793,0
4200280,4200553,1
3941094,3941382,0
4192068,4192350,0
984459,984744,0
405288,405570,0
1316385,1316652,0
2435776,2436046,0
3704779,3705058,0
1870008,1870287,0
4317860,4318160,0
1309184,1309481,0
4226393,4226684,0
1859954,1860236,0
2410018,2410303,0
2921575,2921851,0
1541654,1541948,0
1253390,1253678,0
4624094,4624370,0
3071116,3071398,0
2022615,2022885,1
1261708,1261996,0
1432474,1432756,0
1438736,1439018,0
2318761,2319043,0
2878177,2878468,0
4402794,4403088,0
3691689,3691968,0
1698196,1698469,0
3505162,3505432,0
1203652,1203928,0
4511705,4511996,0
3514765,3515035,0
3217438,3217723,0
423169,423445,0
1677496,1677784,0
1543500,1543794,0
2494697,2494973,1
4481189,4481477,0
4533470,4533761,0
2529712,2530000,0
3204635,3204917,0
1840968,1841241,0
3057093,3057360,0
2640561,2640846,0
2735276,2735540,0
2843182,2843473,0
4118514,4118760,1
4639673,4639958,0
2699662,2699923,1
1367355,1367640,0
615444,615711,0
1522880,1523159,0
2024667,2024943,0
4054306,4054573,0
4564099,4564375,0
3842427,3842703,0
2492342,2492621,0
3602480,3602753,0
4432145,4432421,0
2619678,2619960,0
1766988,1767270,0
2309171,2309456,0
2647140,2647416,0
2983389,2983671,0
300355,300637,0
413568,413859,0
3290053,3290350,0
2984733,2985009,0
855450,855723,0
3183262,3183547,0
2527402,2527675,0
510152,510422,0
1992562,1992829,0
2657856,2658147,0
4153950,4154226,0
1116190,1116472,0
4460130,4460409,0
1761920,1762205,0
4024539,4024806,0
4022460,4022733,0
1745398,1745677,0
2577006,2577285,0
4502504,4502780,0
1425376,1425640,1
671941,672220,0
1935346,1935625,0
2310721,2311000,0
2111190,2111451,0
256214,256496,0
2954739,2955021,0
4157733,4158018,0
4435398,4435668,0
1992773,1993052,0
3952200,3952464,1
1216368,1216635,1
3545944,3546199,0
4471597,4471867,0
3377165,3377438,0
3005494,3005773,0
213192,213462,0
3363308,3363593,0
53963,54254,0
2533763,2534021,1
3261562,3261838,0
253466,253733,0
3695932,3696208,0
680851,681127,0
3057780,3058044,0
4311440,4311719,0
1124090,1124366,0
4507196,4507463,0
1026638,1026917,0
717710,717983,0
1397364,1397622,1
1441057,1441324,1
3351358,3351646,0
4341412,4341682,0
438038,438311,0
1397947,1398220,0
1859309,1859585,0
1053884,1054157,0
4431402,4431672,0
2176979,2177243,0
2084400,2084667,0
4348115,4348394,0
3790403,3790667,0
76884,77169,0
3571993,3572278,0
3821632,3821899,0
1645923,1646202,0
452820,453093,0
1089301,1089592,0
1564863,1565130,0
3998433,3998712,0
756426,756702,0
1216067,1216340,1
1900959,1901223,0
1278609,1278894,0
1552371,1552644,0
3472141,3472423,0
1124877,1125153,0
3535952,3536219,0
1571544,1571814,0
177196,177469,0
401385,401646,1
3484299,3484569,0
3136307,3136571,0
82747,83011,0
157961,158246,0
3385537,3385801,1
4094637,4094916,0
3678776,3679040,0
4526976,4527243,0
2808315,2808582,0
1940305,1940590,0
3479000,3479267,0
843572,843842,0
4626819,4627107,0
698757,699024,0
4023641,4023914,0
1825361,1825616,0
446193,446475,0
4099977,4100241,0
2704006,2704285,0
2202394,2202658,0
271991,272255,0
498475,498742,0
3921100,3921355,0
1975031,1975298,0
2893918,2894179,1
14768,15041,0
3119717,3119987,0
3140694,3140970,0
2561261,2561543,0
4279858,4280137,0
2459248,2459506,0
1230023,1230299,0
3963191,3963443,0
2149128,2149386,0
4448446,4448698,1
2465385,2465655,0
159884,160148,0
3302322,3302595,0
692262,692529,0
3729922,3730174,0
2432018,2432285,0
736444,736699,0
2086465,2086720,0
2677641,2677914,0
1283715,1283991,0
3684349,3684610,0
3300732,3301008,0
3122419,3122683,0
3623871,3624132,0
2432687,2432954,0
3253920,3254181,0
3509872,3510139,0
3155006,3155270,0
2504591,2504858,0
4165536,4165800,0
2458941,2459214,0
2181906,2182161,0
2418821,2419115,0
3248341,3248617,0
697103,697370,0
883103,883364,0
4159129,4159393,0
1347185,1347464,0
306584,306854,0
2333446,2333725,0
3158626,3158884,1
3183830,3184082,0
233022,233295,0
281867,282146,0
205654,205933,0
4582218,4582488,0
2079770,2080037,0
3952118,3952385,0
1192007,1192259,0
1757598,1757874,0
1400529,1400790,0
2059313,2059592,0
73472,73739,0
1286708,1286984,0
2348513,2348768,1
4028001,4028259,0
2081335,2081593,0
3371164,3371416,0
2422215,2422479,0
4260320,4260575,1
381779,382040,0
3186615,3186876,0
4498700,4498961,0
3759748,3760018,0
3253825,3254098,0
134940,135201,0
3127601,3127853,0
707771,708041,0
3085428,3085689,0
2830861,2831110,0
3876568,3876832,0
1452253,1452508,0
4193283,4193553,0
4386842,4387109,0
2666946,2667210,0
1961352,1961616,0
1930425,1930692,0
988878,989148,0
1033386,1033659,0
156533,156800,0
714689,714962,0
1828646,1828913,0
1743682,1743943,0
300808,301069,0
4440676,4440946,0
1098189,1098450,0
412721,412991,0
2697959,2698226,0
1409967,1410219,0
130114,130372,0
4598110,4598368,0
946570,946837,0
2802800,2803067,0
3370664,3370919,0
720582,720840,1
202307,202556,0
4392051,4392315,0
2369623,2369887,0
753614,753890,0
2519451,2519706,0
3908615,3908879,0
518769,519030,0
2220751,2221021,0
1017105,1017357,0
1949540,1949810,0
2781112,2781370,0
478287,478548,0
40693,40954,0
4053490,4053748,0
4521967,4522231,0
325828,326086,0
4567037,4567304,0
2078618,2078873,0
2800722,2800968,1
4098054,4098300,0
1767092,1767344,0
1575774,1576032,0
746505,746757,0
270057,270309,0
592002,592260,0
1704764,1705028,0
1213406,1213667,0
1969475,1969727,0
3870365,3870617,0
507402,507651,0
77267,77519,0
696426,696693,0
2627927,2628194,0
224957,225212,0
3942994,3943249,0
4036717,4036972,0
4167845,4168100,0
4209333,4209588,0
4117401,4117668,0
2012528,2012780,0
3407374,3407617,1
819047,819293,1
437862,438120,0
663423,663675,0
3223851,3224118,0
200112,200394,0
971992,972253,0
4193384,4193639,0
514595,514850,0
3810309,3810561,0
3580649,3580904,0
1921764,1922016,0
1450720,1450981,0
2835295,2835544,0
2664244,2664508,0
2544536,2544788,0
4277919,4278186,0
2627033,2627282,0
4234451,4234715,0
2966247,2966493,0
1241028,1241280,0
4055039,4055300,0
2913433,2913706,0
4096141,4096402,0
2332201,2332468,0
3030453,3030723,0
2502220,2502469,0
3742079,3742337,0
383149,383413,0
2912541,2912796,0
1517647,1517881,1
1272118,1272349,1
729030,729291,0
1701389,1701641,0
1130158,1130407,0
830412,830661,0
6138,6378,0
3593087,3593351,0
367548,367806,0
4400540,4400804,0
1805877,1806141,0
245247,245499,0
2618829,2619084,0
389475,389718,0
4205961,4206234,0
1216747,1216996,1
665729,665984,0
2637041,2637293,0
3507249,3507498,0
1975123,1975366,0
1244727,1244982,1
3928208,3928451,0
3010148,3010409,0
2754410,2754668,0
2080277,2080541,0
2693207,2693474,0
2147369,2147636,0
3884815,3885073,1
528639,528900,0
120541,120808,0
863283,863541,0
4483824,4484076,0
432000,432249,0
3998913,3999174,0
4467226,4467484,0
1151614,1151851,1
655336,655600,0
710292,710532,0
77496,77748,0
1543023,1543281,0
2024982,2025213,0
2560914,2561175,0
2561370,2561613,0
2602694,2602949,0
792243,792504,0
3392542,3392809,0
1066281,1066542,0
3141194,3141458,0
4607690,4607954,0
2119558,2119807,0
3862602,3862854,0
2009478,2009712,1
663879,664125,0
3366680,3366929,0
3161632,3161896,0
1044406,1044655,0
3806394,3806649,0
1349549,1349807,0
502972,503233,0
3225123,3225384,0
1030867,1031131,0
4104271,4104520,0
3613316,3613556,0
4213664,4213922,0
2291183,2291444,0
3542727,3542964,1
1276421,1276658,0
3597263,3597509,0
4472117,4472378,0
3297693,3297960,0
4509888,4510152,0
2006084,2006348,0
2458581,2458836,0
3642881,3643139,0
644587,644854,0
2233599,2233839,1
3346866,3347124,0
2492729,2492978,0
970151,970394,0
327909,328161,0
806541,806793,0
1649739,1649985,0
4150801,4151059,0
901443,901692,0
4378266,4378515,0
3052462,3052711,0
399565,399805,0
2907432,2907684,0
1592440,1592698,0
4302783,4303044,0
1185352,1185598,0
4191743,4191995,0
185324,185570,0
2249279,2249525,0
4398094,4398370,0
3534573,3534819,0
4296795,4297047,0
1829868,1830117,0
478540,478792,0
4090710,4090965,0
4493051,4493282,0
1143233,1143473,0
3592944,3593208,0
641504,641741,0
4509550,4509793,0
3611263,3611509,0
1361420,1361657,0
105437,105683,0
1559728,1559974,0
553280,553523,0
2647515,2647761,0
4306980,4307223,0
2597677,2597920,0
1023575,1023833,0
853588,853840,0
1827881,1828124,0
657600,657849,0
116994,117243,0
1757420,1757657,1
2495562,2495811,0
4596446,4596692,0
4325264,4325507,0
4093321,4093561,0
477366,477612,0
3897269,3897527,0
4590185,4590434,0
1718831,1719080,0
245753,246005,0
4079726,4079969,0
258775,259006,0
3239912,3240158,0
2962156,2962417,0
861947,862199,0
832572,832812,0
2185819,2186065,0
3759006,3759246,0
3181168,3181420,0
841492,841741,0
1831763,1832003,0
169572,169824,0
1368800,1369025,1
1533051,1533285,1
1663107,1663359,0
1761101,1761332,0
3241612,3241849,0
1857261,1857507,0
2287602,2287857,0
1704077,1704326,0
2373151,2373406,0
1528325,1528583,0
1761913,1762153,0
363770,364007,0
2305040,2305301,0
3300839,3301097,0
3005475,3005736,0
564444,564690,0
3419041,3419278,0
1801985,1802237,0
1043464,1043725,0
3782867,3783125,0
3103211,3103466,0
1565515,1565761,0
1888618,1888864,0
111597,111843,0
911183,911429,0
76969,77206,0
590305,590563,0
353840,354092,0
4606824,4607070,0
3068464,3068710,0
2222803,2223052,0
4425838,4426066,1
1089305,1089548,0
4610899,4611148,0
2935857,2936100,0
2103738,2103975,0
4434891,4435137,0
1568593,1568842,0
4348240,4348477,0
3882662,3882920,0
2507757,2508003,0
4557344,4557590,0
2673899,2674145,0
1107612,1107852,0
481256,481490,0
3049453,3049702,0
4412819,4413080,0
4259475,4259712,0
4529796,4530036,0
877615,877849,0
4351842,4352073,1
2984331,2984577,0
1908924,1909164,1
955405,955648,0
1791372,1791600,0
3120302,3120551,0
1566987,1567236,0
1346074,1346317,0
1402448,1402688,0
725834,726086,0
2551913,2552165,0
925837,926083,0
3490000,3490240,0
2183666,2183909,0
1731160,1731397,0
751921,752161,0
2115089,2115332,0
1587358,1587604,0
352427,352670,0
1816559,1816796,0
2852628,2852868,0
1803929,1804184,0
366393,366645,0
1636755,1636989,1
2428342,2428582,0
1113578,1113806,1
4347612,4347864,0
1995817,1996042,1
941925,942180,0
3907354,3907591,0
4087068,4087311,0
2488188,2488437,0
607736,607988,0
1717971,1718205,0
3188168,3188414,0
1766631,1766874,0
2271420,2271672,0
345403,345649,1
4436458,4436710,0
3533640,3533898,0
3364256,3364505,0
2351904,2352150,0
2120813,2121050,0
719137,719371,0
1007590,1007833,0
52918,53152,0
909045,909285,0
1321401,1321638,0
3058609,3058855,0
3672363,3672603,0
3067057,3067303,0
656698,656941,0
4235905,4236148,1
3264169,3264409,0
3849383,3849620,0
1390541,1390772,0
3331980,3332217,0
1389848,1390088,0
2962513,2962744,0
3112875,3113112,0
1762990,1763224,0
1967706,1967946,0
1630025,1630259,0
2572319,2572571,0
3863141,3863381,0
662962,663214,0
3330683,3330917,0
4528371,4528605,0
1026499,1026739,0
3012946,3013180,0
2504237,2504474,0
411036,411273,0
4513997,4514237,0
1947894,1948143,0
552875,553109,0
3519615,3519855,0
3572401,3572647,0
116702,116948,0
598987,599218,0
298114,298357,0
3003097,3003331,0
1549843,1550092,0
3489754,3489982,0
2374660,2374921,0
1498650,1498875,1
4205725,4205971,0
1539500,1539737,0
1633071,1633305,1
3689150,3689399,0
4438695,4438938,0
4520150,4520387,0
142280,142517,0
1536033,1536270,0
3490445,3490682,0
2569328,2569565,0
3705131,3705371,0
1187526,1187763,0
3477639,3477858,1
1612591,1612819,0
1703163,1703403,0
4414669,4414915,0
1535144,1535375,0
3783403,3783643,0
3929781,3930024,0
2838640,2838883,0
2300261,2300510,0
1028465,1028723,0
2769124,2769349,0
2905125,2905371,0
3540162,3540390,1
1823566,1823809,0
3031608,3031848,0
2163059,2163305,0
1585758,1585998,0
2924923,2925154,0
3395397,3395631,0
1992856,1993090,0
4426180,4426417,0
3472882,3473131,0
2948285,2948531,0
4259236,4259446,1
922500,922743,0
2598038,2598278,0
1971641,1971878,0
1215788,1216025,1
3507443,3507677,0
2076816,2077038,1
2184514,2184754,0
4114626,4114875,0
3198369,3198597,0
2577457,2577700,0
3593053,3593287,0
1731706,1731940,0
4523483,4523726,0
3484217,3484436,1
1667025,1667265,0
3065372,3065606,0
1786906,1787137,0
3196442,3196685,0
3911907,3912141,0
3678409,3678655,0
2577964,2578207,0
3217891,3218119,0
658030,658258,0
1539038,1539275,0
3923698,3923926,0
3757326,3757545,0
2319945,2320179,0
4088217,4088442,0
613941,614160,1
2070823,2071069,0
189075,189315,0
3431509,3431746,0
2120370,2120613,0
4324373,4324607,0
1383587,1383824,0
4473444,4473672,0
2079580,2079808,0
3235651,3235891,0
1718616,1718862,0
1418797,1419025,0
2866775,2867021,0
848300,848540,0
4375469,4375715,0
3598550,3598796,0
1648822,1649041,1
2552721,2552958,0
1594382,1594631,0
1945288,1945534,0
4276969,4277206,0
3907951,3908200,0
447759,447996,0
2971270,2971489,1
1385206,1385437,0
3578178,3578421,0
1887629,1887860,0
2578822,2579053,0
3467453,3467678,0
2359854,2360094,0
2918799,2919048,0
64293,64524,0
3112536,3112767,0
2296140,2296368,0
4127160,4127394,0
1264563,1264791,0
3161478,3161709,0
3373757,3373979,0
4491650,4491893,0
837719,837956,0
1675257,1675506,0
4395350,4395572,0
3094407,3094650,0
1743033,1743267,0
2872175,2872400,0
2999213,2999441,0
3695032,3695272,0
1400123,1400357,0
4392922,4393162,0
3479768,3480014,0
4003227,4003455,0
1245454,1245682,0
1067917,1068148,0
3752808,3753039,0
3030760,3030985,0
2892618,2892846,0
1048451,1048682,0
4493671,4493905,0
797631,797865,0
310799,311036,0
943531,943783,0
3868829,3869060,0
1752174,1752399,0
2668601,2668844,0
1117587,1117824,0
721097,721322,0
2815438,2815672,0
3521580,3521808,0
1023102,1023336,0
4088260,4088500,0
3711153,3711396,0
1265219,1265450,0
1824611,1824836,0
2175955,2176183,0
3604066,3604300,0
4191496,4191733,0
985163,985391,0
438884,439112,0
3513374,3513602,0
4222768,4223005,0
2081211,2081451,0
4139280,4139535,0
4470396,4470630,0
2052259,2052493,0
2820038,2820272,0
1068336,1068567,0
1998505,1998730,0
1745271,1745511,0
2599385,2599610,0
277914,278145,0
3447811,3448057,0
701664,701898,0
2963368,2963602,0
2976294,2976519,0
1844915,1845149,0
3443825,3444071,0
2357195,2357423,0
3154670,3154898,0
629115,629352,0
2543032,2543275,0
2273129,2273375,0
4555695,4555926,0
710714,710945,0
1732069,1732288,0
2681483,2681714,0
678054,678282,0
728520,728751,0
2726148,2726388,0
3423747,3423987,0
1834674,1834911,0
4127012,4127225,1
4339748,4339982,0
220664,220880,0
4628747,4628984,0
3569077,3569305,0
3921281,3921500,0
151547,151775,0
3067862,3068099,0
1887138,1887384,0
4117316,4117538,0
3760973,3761198,0
3407192,3407429,0
1620832,1621057,0
2693933,2694167,0
2507007,2507256,0
2666911,2667148,0
1985282,1985498,0
212496,212715,0
4450397,4450634,0
667608,667842,0
468911,469142,0
2119721,2119940,0
4415939,4416176,0
1181067,1181301,0
993245,993494,0
1051460,1051673,1
2867769,2868000,0
3561697,3561919,0
3536434,3536659,0
4307183,4307414,0
312111,312339,1
4549324,4549546,0
1866683,1866911,0
1715712,1715943,0
2403111,2403342,0
650637,650874,0
1030863,1031076,0
1369392,1369614,1
694086,694326,0
3756164,3756389,0
2946983,2947205,0
1274258,1274477,0
1654271,1654493,0
1640512,1640737,0
3514946,3515180,0
4290096,4290339,0
2542803,2543046,0
747143,747377,0
1805539,1805767,0
2511175,2511409,0
222004,222238,0
2920594,2920825,0
3210780,3210996,1
940358,940592,0
2740959,2741187,0
3394523,3394754,0
349183,349411,0
3872314,3872542,0
98167,98398,0
3349845,3350085,0
2873953,2874193,0
1919526,1919754,0
4440445,4440676,0
4300164,4300386,0
3594257,3594482,0
973555,973771,0
2529951,2530170,0
3316135,3316372,0
928459,928690,0
4132793,4133024,0
3530539,3530776,0
3208040,3208277,0
1267100,1267316,0
2318221,2318443,0
645585,645816,0
3720048,3720261,1
3418389,3418611,1
1890597,1890837,0
297789,298038,0
3267379,3267598,1
1277643,1277862,0
4616873,4617092,0
2879586,2879808,0
2124205,2124427,0
3568177,3568405,0
893293,893512,0
699373,699607,0
153221,153446,0
3563564,3563807,0
4519569,4519809,0
4366551,4366770,0
4387349,4387574,0
3881556,3881781,0
4500854,4501091,0
757020,757239,0
2541083,2541308,0
4351801,4352029,0
3430778,3431006,0
2253272,2253488,0
2741504,2741720,0
2481973,2482201,0
4512388,4512625,0
3069343,3069586,0
3430786,3431026,0
3770714,3770939,0
3703392,3703614,0
3912215,3912452,0
2998198,2998420,0
4119942,4120155,0
3699291,3699519,0
828141,828360,0
4130567,4130792,0
3339931,3340159,0
2147035,2147269,0
3074290,3074515,0
1218982,1219201,1
1032889,1033126,0
3949709,3949952,0
3175430,3175652,0
1482267,1482501,0
729133,729340,1
1122071,1122296,0
1825266,1825485,0
787400,787622,0
574480,574699,0
3013582,3013801,0
2720361,2720586,0
2008574,2008802,0
3371908,3372124,0
1795946,1796171,0
3392080,3392311,0
2330680,2330917,0
2245517,2245742,0
2207267,2207495,0
4022077,4022305,0
779154,779382,0
1019919,1020147,0
916953,917169,0
1807538,1807760,0
3442198,3442417,0
1846154,1846394,0
3682869,3683082,0
4365829,4366057,0
1260588,1260822,0
2397468,2397693,0
1792386,1792608,0
4175717,4175951,0
577397,577613,1
2958044,2958269,0
1315437,1315653,0
2206049,2206280,0
2540043,2540259,0
3600244,3600466,0
2528197,2528434,0
4111229,4111451,0
2931145,2931373,0
439592,439808,0
1346563,1346785,0
2691617,2691848,0
654543,654768,0
41250,41472,0
2234231,2234456,0
2869929,2870151,0
140881,141100,0
302114,302330,0
2589902,2590130,0
61531,61756,0
2115552,2115780,0
326158,326383,0
4014952,4015177,0
1622941,1623157,0
1325769,1325991,0
2395232,2395463,0
3485897,3486113,0
3388305,3388542,0
1640753,1640975,0
1098708,1098939,0
146643,146856,0
1027624,1027849,0
573526,573733,0
2569827,2570043,0
4079290,4079509,0
3001728,3001947,0
895381,895594,0
951797,952037,0
4551456,4551684,0
1805059,1805272,0
696863,697100,0
3632515,3632734,0
1970582,1970804,0
2440061,2440283,0
187933,188149,0
4309777,4309990,0
422848,423064,0
1101652,1101868,0
1928208,1928421,0
4512055,4512283,0
2541356,2541563,0
3305472,3305688,0
1024540,1024756,0
248693,248909,0
2712096,2712324,0
3270512,3270746,0
2993637,2993856,1
1759359,1759581,0
2593022,2593247,0
3845748,3845955,0
2086313,2086538,0
2276375,2276588,0
3145952,3146171,0
1066047,1066260,0
1799117,1799330,0
1828381,1828597,0
2223909,2224128,0
279626,279842,0
291097,291313,0
4123700,4123922,0
908785,909001,0
3396856,3397072,0
36010,36235,0
1430924,1431140,0
3018787,3019021,0
2064336,2064567,0
928799,929015,0
3671487,3671712,0
4628990,4629212,0
4274387,4274621,0
849216,849432,0
797388,797604,0
4519014,4519224,0
3576410,3576623,0
1973642,1973864,0
2752638,2752845,0
1384357,1384567,0
1526939,1527152,1
975045,975264,0
911151,911379,0
517873,518113,0
2963291,2963513,0
2592761,2592962,1
2626021,2626237,0
447863,448067,0
3417343,3417559,0
1064309,1064528,0
3567517,3567736,0
4534838,4535048,0
3351019,3351244,0
2637144,2637378,0
109227,109449,0
2064911,2065136,0
1629214,1629418,1
1618504,1618732,0
2953936,2954149,0
4307301,4307517,0
1644505,1644718,0
1807859,1808063,0
4362220,4362439,0
1238423,1238642,0
579879,580086,1
1613014,1613224,0
834322,834547,0
25118,25346,0
1557263,1557494,0
2121744,2121963,0
2581652,2581868,0
4441048,4441264,0
1129376,1129595,0
641762,641969,0
2397999,2398212,0
4422966,4423185,0
254530,254758,0
3602915,3603140,0
4220129,4220336,0
52196,52403,0
989147,989357,0
862764,862968,0
4516980,4517199,0
2473211,2473430,0
2006516,2006738,0
777455,777668,0
1227455,1227671,0
906553,906772,0
2439991,2440207,0
961231,961441,0
21180,21399,1
2029015,2029222,0
4452096,4452312,0
3854813,3855026,0
1757677,1757896,0
2877617,2877839,0
1467063,1467291,0
3728228,3728435,0
115533,115749,0
3332400,3332616,0
1449144,1449369,0
3815916,3816129,0
657291,657501,1
1343705,1343930,0
642484,642691,0
1083895,1084117,0
219426,219636,0
2449201,2449420,0
4439586,4439793,1
744678,744891,0
3593842,3594064,0
680638,680845,0
2464344,2464560,0
2924101,2924317,0
1182071,1182287,0
3243147,3243369,0
45616,45829,0
2582455,2582680,0
3049735,3049957,0
2343825,2344041,0
1140870,1141086,0
845944,846157,0
1165722,1165938,0
1619988,1620207,1
4228844,4229054,0
1966975,1967188,0
1169117,1169330,0
1356206,1356428,0
4526508,4526724,0
858030,858246,0
1506541,1506751,0
740623,740836,0
3987045,3987249,0
2394273,2394483,0
1950316,1950541,0
1937838,1938057,0
2841293,2841506,0
2971939,2972155,0
3391680,3391881,0
2121511,2121724,0
4084754,4084970,0
3339526,3339745,0
807477,807684,0
1970312,1970522,0
4464912,4465128,0
2349686,2349893,0
2104536,2104767,0
4490512,4490722,0
2702019,2702229,0
3848862,3849075,0
4500204,4500417,0
50465,50684,0
3863373,3863589,0
4396827,4397040,0
2044239,2044452,0
752609,752810,0
903477,903690,0
2031837,2032044,0
1121998,1122199,0
1406414,1406630,0
3377361,3377571,0
807100,807313,0
382563,382770,0
632181,632379,1
3127677,3127893,0
3956955,3957180,0
2248309,2248519,0
3973170,3973383,0
2888999,2889224,0
4128714,4128921,0
2878900,2879125,0
416184,416400,0
1812437,1812659,0
3791235,3791463,0
1820341,1820548,0
425404,425620,0
3475916,3476144,0
1192875,1193109,0
1887838,1888045,0
2909860,2910064,0
4352443,4352659,0
2445751,2445958,0
2361986,2362202,0
2185331,2185538,0
4154544,4154745,0
1717487,1717712,0
3583244,3583454,0
1106349,1106553,0
3162141,3162354,0
4335312,4335525,0
3769464,3769680,0
4216003,4216222,0
4111903,4112116,0
2694446,2694659,0
2215799,2216009,0
3682260,3682482,0
4218582,4218804,0
363211,363427,0
3389058,3389268,0
1562686,1562893,0
4236098,4236323,0
1148533,1148737,0
1240259,1240463,0
520953,521166,0
1789903,1790110,0
2817782,2817998,0
3915086,3915290,0
2233603,2233813,0
2646540,2646759,0
1712285,1712486,0
1517971,1518175,0
1453103,1453316,0
3086186,3086402,1
3994521,3994725,1
3344873,3345089,0
3124214,3124415,0
2476309,2476510,1
1194403,1194625,0
11622,11832,0
2758308,2758521,0
1670561,1670774,0
3257345,3257540,0
4569322,4569535,0
4571271,4571481,0
1323919,1324126,0
4264731,4264935,0
3782688,3782910,0
249384,249591,0
2384958,2385174,0
488289,488505,0
1441429,1441648,0
666318,666516,0
2377698,2377914,0
4146354,4146579,0
1073856,1074063,0
1447166,1447370,0
2897630,2897840,0
4397517,4397736,0
2931502,2931709,0
4593403,4593616,0
3666312,3666528,0
124307,124526,0
1698634,1698835,0
992864,993077,0
2758643,2758856,1
4624342,4624549,0
1570777,1570993,0
1072831,1073059,0
4024160,4024373,0
4614302,4614512,0
2060364,2060580,0
1638001,1638196,0
4235889,4236099,0
2844133,2844343,0
1378118,1378325,0
2027840,2028047,0
2630437,2630650,0
1354765,1354966,0
139303,139525,0
3690826,3691039,0
1072398,1072608,0
3182170,3182377,0
3586562,3586775,0
1201144,1201366,0
3505446,3505662,0
1576299,1576503,0
3067513,3067717,0
636351,636561,0
4312080,4312290,0
2027009,2027219,0
747253,747451,0
1975437,1975656,0
658946,659150,1
3264832,3265042,0
2183583,2183787,0
944052,944253,0
686376,686583,0
1914986,1915205,0
2750340,2750562,0
3846129,3846324,0
1954766,1954967,0
2424843,2425053,0
160465,160690,0
2776876,2777077,1
2933271,2933478,0
3090057,3090252,0
4404385,4404583,1
2686204,2686414,0
1415768,1415978,0
4608670,4608871,0
1332995,1333208,0
1559431,1559632,0
989678,989879,0
1108495,1108711,0
1618258,1618471,0
784455,784668,0
591925,592126,0
3247273,3247477,0
2568298,2568505,0
901279,901483,0
899412,899625,0
4333266,4333470,0
1055429,1055633,0
3614258,3614480,0
2675371,2675578,0
2106627,2106846,0
2972671,2972875,0
2733766,2733979,0
4196457,4196664,0
2080503,2080716,0
1405152,1405365,0
4472966,4473167,0
2641319,2641535,0
4139544,4139757,0
1275248,1275467,0
2972335,2972542,0
2585067,2585277,0
2435423,2435639,0
3635679,3635886,0
1035145,1035361,0
1709803,1710007,0
1610624,1610828,0
2444053,2444257,0
2824121,2824322,0
725923,726124,0
235630,235828,0
2041498,2041696,0
4582572,4582779,0
4466622,4466829,0
2551037,2551241,0
3730231,3730432,0
2638666,2638882,0
3072491,3072701,0
2866449,2866662,0
1100818,1101025,0
2232846,2233065,0
1929913,1930120,0
2294628,2294832,0
2397101,2397305,0
1101274,1101490,0
1639218,1639413,0
39346,39550,0
2077939,2078134,0
3747933,3748140,0
2669716,2669917,0
4124675,4124873,0
555883,556105,0
2390401,2390605,0
1673109,1673322,0
3304838,3305051,0
2036237,2036438,0
1608640,1608853,0
4443648,4443861,0
2213946,2214153,0
184479,184680,0
2430416,2430626,0
4049696,4049888,0
884909,885110,0
188739,188952,0
505031,505226,0
4553477,4553684,0
88790,88982,0
832900,833092,0
2410375,2410591,0
3698025,3698217,1
4043009,4043210,0
4286106,4286310,0
1661583,1661793,0
1538704,1538902,0
135231,135426,0
2728768,2728984,0
3426367,3426583,0
621355,621556,0
696754,696961,0
3125246,3125447,0
4514455,4514656,0
2584882,2585092,0
2973116,2973317,0
3255712,3255916,0
3714381,3714585,0
967827,968040,0
2641001,2641205,0
2787204,2787411,0
592177,592378,0
4559478,4559676,0
2310159,2310357,0
2150643,2150838,0
2357815,2358001,0
3309495,3309711,0
1457234,1457435,0
1629426,1629636,0
2054711,2054912,0
378483,378693,0
2176664,2176862,0
2526521,2526728,0
423766,423973,0
3973806,3974019,0
3930581,3930785,0
4053581,4053794,0
2210156,2210351,0
4067762,4067966,0
2252922,2253126,0
4455220,4455427,0
4181311,4181515,0
15691,15886,0
608311,608506,0
2514577,2514772,0
2445857,2446058,0
4570243,4570441,0
3588421,3588619,0
2336414,2336609,0
4513119,4513326,0
4253905,4254115,0
870560,870767,0
3833220,3833418,0
4369410,4369611,0
2537060,2537261,0
3001242,3001461,0
4240940,4241138,0
1538326,1538533,0
4183666,4183876,0
1589377,1589590,0
3948610,3948811,0
1549201,1549417,0
1213778,1213982,0
2193896,2194097,0
740899,741106,0
4250702,4250897,0
2511450,2511651,0
1840535,1840739,0
4138720,4138915,0
2180143,2180347,0
2378853,2379057,0
3401043,3401247,0
1517032,1517230,0
222758,222959,0
753496,753694,0
3429926,3430127,0
1361216,1361405,0
2116752,2116947,0
3869764,3869971,0
1595968,1596163,0
1027369,1027573,0
2166595,2166799,0
1289396,1289606,0
3832475,3832679,0
406978,407170,1
1173712,1173901,0
3264744,3264942,0
507760,507961,0
2177137,2177341,0
1385910,1386108,0
3714055,3714259,0
3328521,3328731,0
1647508,1647724,0
752385,752595,0
1102539,1102740,0
3120014,3120224,0
238683,238878,0
4224581,4224791,0
1754018,1754225,0
328441,328654,0
616857,617046,0
1275581,1275788,0
3589034,3589232,0
3351642,3351831,0
2622828,2623035,0
1276889,1277084,0
3390957,3391158,0
4588863,4589067,0
3645247,3645457,0
234482,234677,0
2726670,2726865,0
3424269,3424464,0
3218349,3218559,0
281763,281973,0
1214630,1214834,0
2745210,2745402,0
174514,174721,0
3307317,3307506,0
1496440,1496638,0
582874,583060,0
746912,747110,0
2627576,2627777,0
4366585,4366795,0
1770773,1770971,0
2376055,2376256,0
1924552,1924744,0
750123,750327,0
1965793,1965991,0
2919389,2919596,0
533949,534165,0
4600921,4601113,0
2241292,2241496,0
2486261,2486456,0
1378713,1378920,0
3372596,3372797,0
2933496,2933691,0
3042437,3042641,0
4528122,4528314,0
3154423,3154624,0
2940338,2940536,0
1254948,1255158,0
4457236,4457431,0
2308133,2308334,0
958028,958226,0
2566108,2566309,0
1906753,1906957,0
4188680,4188890,0
3041044,3041236,0
3729260,3729461,0
3852762,3852972,0
1019897,1020089,0
3057316,3057520,0
2886470,2886674,0
2307082,2307265,0
2026,2224,0
3110776,3110971,0
2396922,2397135,0
2553303,2553507,0
4310474,4310666,0
319444,319648,0
918259,918454,0
1278464,1278659,0
3049743,3049929,0
155315,155504,0
2256784,2256988,0
492896,493091,0
3243848,3244049,0
4356747,4356951,0
1983980,1984178,0
2880836,2881040,0
2295573,2295762,0
2639321,2639513,0
2396640,2396853,0
544425,544623,0
382948,383140,0
65987,66185,0
970672,970855,1
2424053,2424245,0
1899888,1900089,0
491042,491237,0
1077244,1077448,0
844782,844980,0
3176335,3176521,0
3803256,3803463,0
835923,836124,0
2775718,2775922,0
1061440,1061635,0
43644,43851,0
2061148,2061352,0
1877218,1877416,0
2618491,2618689,0
3680413,3680602,0
2981349,2981553,0
606969,607155,0
1391148,1391349,0
1126962,1127151,0
4425331,4425520,0
4273979,4274165,0
3397588,3397780,0
1445559,1445751,0
3433238,3433430,0
55738,55930,0
4298670,4298862,0
1561464,1561662,0
1718366,1718570,0
2339134,2339338,0
4121082,4121280,0
4315536,4315731,0
1489018,1489216,0
275704,275899,0
3678119,3678317,0
3989139,3989337,0
801903,802095,0
3980376,3980565,0
2890575,2890773,0
4551165,4551351,0
290153,290342,0
3453332,3453539,0
1879365,1879557,0
4374060,4374249,0
2135840,2136035,0
4551029,4551218,0
2831937,2832138,0
819568,819766,0
1445686,1445872,1
4463131,4463326,0
2430933,2431137,0
2670920,2671121,0
1123025,1123214,0
2864833,2865028,0
560606,560795,0
814696,814888,0
4085602,4085797,0
1535679,1535874,0
2564985,2565180,0
4320677,4320875,0
2566154,2566364,0
498185,498392,0
160421,160619,0
1348408,1348597,0
1272724,1272928,0
4367296,4367488,0
329197,329401,0
4605311,4605509,0
230079,230286,0
305020,305218,0
4565821,4566016,0
4613658,4613841,0
1143786,1143993,0
194467,194665,0
2076084,2076273,0
397491,397692,0
3168202,3168397,0
2298086,2298281,0
648186,648384,0
2447316,2447511,0
797770,797977,0
985695,985878,0
2728297,2728498,0
3425896,3426097,0
1015698,1015896,0
4526831,4527023,0
2233292,2233487,0
2436761,2436959,0
347161,347353,0
2392934,2393129,0
3108252,3108447,0
1446477,1446690,0
3412620,3412800,1
3402936,3403131,0
27434,27626,0
3981002,3981206,0
63963,64155,0
1243052,1243241,0
1122846,1123056,0
2855694,2855889,0
3512409,3512604,0
3166593,3166785,0
1800123,1800318,0
2254527,2254728,0
2869590,2869788,0
4456682,4456880,0
344437,344623,0
278608,278797,0
995798,995990,0
2089235,2089430,0
2100900,2101107,0
387903,388101,0
1846415,1846610,0
504580,504784,0
196750,196948,0
2679269,2679467,0
2906925,2907120,0
504731,504917,0
2097572,2097758,0
1522571,1522772,0
2697103,2697301,0
3835661,3835862,0
3262542,3262743,0
3055474,3055663,0
702877,703075,0
2087923,2088118,0
4026650,4026845,0
174453,174636,0
4440247,4440442,0
817344,817539,0
4270466,4270661,0
1423399,1423585,1
3386754,3386940,0
3184257,3184461,0
3324323,3324512,0
3174363,3174558,0
173508,173697,0
661818,662013,0
3629272,3629476,0
125495,125687,0
3288537,3288723,0
2668195,2668384,0
3560082,3560271,0
1973860,1974052,0
3916080,3916272,0
3358400,3358595,0
3611023,3611212,0
3877097,3877292,0
1620532,1620727,0
681628,681820,0
1972899,1973097,0
2583714,2583912,0
3559387,3559588,0
2762608,2762800,0
669571,669757,0
2757524,2757719,0
2154511,2154697,0
661915,662104,0
1239377,1239575,0
1319135,1319327,0
3337692,3337887,0
1454038,1454233,0
1475061,1475244,0
4081648,4081834,0
2017781,2017976,0
4530363,4530555,0
1201914,1202100,0
4334264,4334456,0
2392514,2392706,0
2118146,2118338,0
3319900,3320092,0
1611094,1611292,0
1256296,1256476,0
2062055,2062238,0
2262457,2262640,0
1659026,1659227,0
1558654,1558843,0
1869519,1869705,0
4111032,4111233,0
1760346,1760547,0
957560,957761,0
204047,204233,0
4531301,4531499,0
3953096,3953288,0
2428603,2428795,0
1500101,1500293,0
2126521,2126713,0
1915837,1916026,0
3512109,3512307,0
1908616,1908805,0
2890037,2890235,0
3167916,3168099,0
2338785,2338977,0
4288889,4289102,0
1733377,1733563,0
4353247,4353430,0
1844761,1844947,0
2423193,2423385,0
626475,626667,0
2139684,2139876,0
2567673,2567859,0
1649608,1649797,1
4195446,4195647,0
3494089,3494284,0
2822441,2822630,0
3034473,3034665,0
2770744,2770945,0
3859454,3859643,0
4192386,4192569,0
2217248,2217434,0
2983546,2983744,0
891757,891952,0
493862,494060,0
3143909,3144098,0
3134503,3134698,0
2796857,2797043,0
14372,14564,0
1754992,1755196,0
2975054,2975237,0
1549582,1549792,0
2670139,2670328,0
1687452,1687653,0
4512170,4512389,0
1384526,1384727,0
1668941,1669133,0
367685,367874,0
3485554,3485734,0
544146,544332,0
4326355,4326553,0
950354,950543,0
1739088,1739277,0
2308526,2308712,0
531928,532120,0
2426335,2426518,0
3138121,3138313,0
2126905,2127094,0
518456,518642,0
1655340,1655529,0
2739402,2739597,0
3912270,3912441,0
530437,530626,0
2419041,2419221,0
2414478,2414664,0
3919081,3919276,0
3140816,3141008,0
3609916,3610105,0
181115,181313,0
1838224,1838419,0
902092,902281,0
2298979,2299165,0
1202766,1202961,0
683466,683652,0
3048010,3048208,0
3162821,3163013,0
2502501,2502693,0
3523696,3523891,0
3142867,3143059,0
1205548,1205731,1
2835110,2835296,0
4364464,4364659,0
2260161,2260359,0
4326732,4326918,0
4511541,4511724,0
3856634,3856820,0
3720989,3721163,0
4214625,4214817,0
1897238,1897427,0
964734,964920,0
1076432,1076627,0
1462278,1462476,0
1810596,1810782,0
3135184,3135367,0
2765542,2765734,0
1416544,1416739,0
87160,87334,0
4068637,4068835,0
4174311,4174494,0
4079962,4080151,0
3047092,3047284,0
4051383,4051575,0
2212680,2212863,0
1184134,1184332,0
2742962,2743145,0
718980,719175,0
2258998,2259187,0
2132336,2132522,0
613278,613476,0
4508477,4508672,0
2676721,2676904,0
2765432,2765627,0
1192541,1192730,0
4138715,4138904,0
2461792,2461981,0
2596888,2597092,0
2543320,2543521,0
4297845,4298034,0
479579,479762,0
2896335,2896536,0
1796997,1797183,0
4578123,4578309,0
3805437,3805626,0
851083,851269,0
2706585,2706777,0
3966570,3966759,0
2126525,2126720,0
578326,578509,1
4386144,4386339,0
503989,504175,0
2656868,2657057,0
4496526,4496721,0
400459,400645,0
3568391,3568586,0
4563990,4564173,0
342352,342535,0
3433039,3433237,0
3145644,3145845,0
3612643,3612829,0
3567775,3567958,0
3933528,3933708,0
568061,568247,0
3143155,3143359,0
4273821,4274004,0
3679140,3679335,0
2262581,2262770,0
586447,586639,0
467195,467387,0
4088466,4088643,0
844062,844248,0
7803,7989,0
2796046,2796232,0
1844967,1845156,0
1574354,1574543,0
3041916,3042108,0
3265647,3265827,0
2186283,2186457,0
1936877,1937060,0
4148434,4148620,0
1245417,1245600,0
2966317,2966506,0
2943922,2944102,0
646179,646368,0
3768336,3768516,0
485723,485918,0
4012532,4012715,0
3827682,3827865,0
695308,695485,0
2379786,2379972,0
1774839,1775022,0
4449605,4449791,0
1353361,1353541,0
3702103,3702286,0
2201065,2201257,0
1771716,1771905,0
2965153,2965336,0
2253603,2253798,0
529758,529941,0
4563544,4563733,0
3870747,3870936,0
3431052,3431238,0
3078794,3078986,0
2649207,2649399,0
1418444,1418636,0
1654455,1654638,0
3119262,3119445,0
1589505,1589685,0
155678,155861,0
2065191,2065371,0
239189,239378,0
4116682,4116862,0
4457517,4457691,0
1780449,1780626,0
1003628,1003808,0
1075467,1075662,0
3071567,3071750,0
2366315,2366501,0
4247603,4247795,0
2061931,2062111,0
4320502,4320697,0
1713072,1713270,0
1234604,1234778,0
2894842,2895031,0
3109389,3109581,0
1403168,1403354,0
2148169,2148355,0
1781872,1782055,0
3046333,3046525,0
1144439,1144628,0
4328236,4328416,0
1769150,1769333,0
566047,566224,0
2824847,2825033,0
971515,971695,0
2355351,2355528,0
3411078,3411255,0
4009060,4009243,0
4091350,4091533,0
416542,416728,0
2878636,2878834,0
1698164,1698353,0
1522238,1522439,0
768797,768977,0
2104841,2105021,0
306486,306666,0
1963350,1963533,0
2658629,2658806,0
1147366,1147540,1
2169984,2170173,0
3744551,3744734,0
2952631,2952820,0
846715,846898,0
4091600,4091795,0
2946788,2946971,0
2571281,2571464,0
2254011,2254200,0
838295,838490,0
3147427,3147610,0
1631146,1631335,0
3503509,3503695,0
1830446,1830635,0
4551867,4552059,0
2219350,2219536,0
1317264,1317447,0
4220727,4220916,0
5848,6028,0
1194115,1194301,0
3218015,3218201,0
2615789,2615981,0
629555,629732,0
4584431,4584611,0
1133453,1133639,0
2863986,2864163,0
309149,309326,0
4350709,4350895,0
2322514,2322691,0
4396407,4396596,0
1916882,1917071,0
3757162,3757357,0
3639387,3639567,0
415604,415793,0
2857819,2858014,0
1069931,1070111,0
785098,785275,0
794561,794741,0
3544132,3544318,0
816568,816754,0
2435189,2435366,0
2181823,2182012,0
4104661,4104844,0
4359758,4359938,0
4335955,4336138,0
4517285,4517462,0
86809,86989,0
4221774,4221954,0
3376540,3376726,0
4602576,4602756,0
2865455,2865635,0
4632077,4632269,0
2133477,2133666,0
789239,789428,0
3683372,3683549,0
1504569,1504749,0
4562186,4562351,0
2067440,2067629,0
3100408,3100591,0
1925776,1925959,0
3274452,3274647,0
988074,988260,0
1037493,1037670,0
873357,873546,0
1667488,1667662,0
3198481,3198652,0
3697148,3697340,0
2396594,2396771,0
3872104,3872284,0
3828656,3828836,0
2817148,2817331,0
1162076,1162244,0
1517388,1517562,1
3148287,3148467,0
265892,266072,0
1000338,1000521,0
1724269,1724452,0
2125150,2125330,0
1867553,1867736,0
713801,713984,0
3554018,3554198,0
1068080,1068254,1
2140722,2140902,0
1748055,1748232,0
1745734,1745917,0
154111,154294,0
2919075,2919258,0
3855149,3855335,0
817062,817251,0
1270472,1270661,0
290531,290714,0
217681,217873,0
1583202,1583379,0
3908130,3908310,0
4625996,4626176,0
3405274,3405463,0
3255036,3255207,0
